MUNICIPIO,SECCION,TIPO CASILLA,Lista Nominal,PAN,PRI,PRD-PT-PC,PVEM,PNA,Alternativa,CC,NoRegistrados,Nulos
AMACUZAC,1,BASICA,626,42,58,194,25,49,2,0,0,16
AMACUZAC,1,CONTIGUA 1,627,38,65,171,20,35,0,0,0,19
AMACUZAC,2,BASICA,405,7,27,103,23,46,1,0,0,7
AMACUZAC,2,CONTIGUA 1,405,16,41,105,18,39,1,0,0,7
AMACUZAC,3,BASICA,566,27,98,131,48,74,0,0,0,10
AMACUZAC,3,CONTIGUA 1,567,38,87,127,24,109,0,0,0,11
AMACUZAC,4,BASICA,536,35,46,210,15,55,1,0,0,11
AMACUZAC,4,CONTIGUA 1,537,24,39,194,7,66,0,0,0,8
AMACUZAC,4,GEOGRAFICA 1,327,17,32,137,9,12,0,0,0,12
AMACUZAC,5,BASICA,591,46,75,159,6,32,0,0,1,20
AMACUZAC,6,BASICA,567,48,68,81,12,67,2,0,2,13
AMACUZAC,6,CONTIGUA 1,567,40,64,77,23,91,1,0,0,26
AMACUZAC,6,CONTIGUA 2,567,27,80,80,23,83,1,0,1,14
AMACUZAC,7,BASICA,461,26,56,76,27,92,3,0,0,10
AMACUZAC,7,CONTIGUA 1,461,26,87,66,26,68,1,0,0,11
AMACUZAC,8,BASICA,537,41,82,108,35,67,0,0,0,6
AMACUZAC,8,CONTIGUA 1,538,36,73,94,20,85,0,0,0,7
AMACUZAC,9,BASICA,535,88,25,146,7,21,2,0,0,9
AMACUZAC,9,CONTIGUA 1,535,86,32,131,5,17,3,0,0,6
AMACUZAC,9,GEOGRAFICA 1,388,42,22,114,13,3,0,0,0,12
AMACUZAC,10,BASICA,578,30,35,127,5,78,1,0,0,15
AMACUZAC,10,CONTIGUA 1,578,31,24,118,5,88,1,0,1,14
AMACUZAC,11,BASICA,662,47,55,134,12,32,1,0,2,13
ATLATLAHUCAN,12,BASICA,610,64,87,91,8,51,85,0,0,12
ATLATLAHUCAN,12,CONTIGUA 1,610,96,61,85,13,47,67,0,0,9
ATLATLAHUCAN,12,CONTIGUA 2,610,85,48,85,10,40,99,0,0,11
ATLATLAHUCAN,13,BASICA,525,50,55,70,8,55,104,0,0,9
ATLATLAHUCAN,13,CONTIGUA 1,526,75,56,63,18,46,72,0,1,7
ATLATLAHUCAN,13,CONTIGUA 2,526,90,57,62,10,37,68,0,1,10
ATLATLAHUCAN,14,BASICA,668,112,87,63,8,52,83,0,0,13
ATLATLAHUCAN,14,CONTIGUA 1,669,104,72,71,11,72,69,0,0,5
ATLATLAHUCAN,15,BASICA,624,112,84,80,5,30,67,0,1,14
ATLATLAHUCAN,15,CONTIGUA 1,624,115,61,62,10,37,66,0,2,16
ATLATLAHUCAN,16,BASICA,633,68,75,38,45,61,36,0,7,25
ATLATLAHUCAN,17,BASICA,476,78,68,39,15,61,50,0,0,17
ATLATLAHUCAN,17,CONTIGUA 1,477,54,87,38,24,58,39,0,0,18
ATLATLAHUCAN,18,BASICA,691,159,87,49,21,47,116,0,0,17
ATLATLAHUCAN,19,BASICA,532,82,75,62,29,26,40,0,0,20
ATLATLAHUCAN,19,CONTIGUA 1,532,91,75,50,32,32,36,0,0,14
ATLATLAHUCAN,19,CONTIGUA 2,533,112,84,37,33,27,37,0,2,9
ATLATLAHUCAN,20,BASICA,334,98,23,30,6,12,49,0,0,0
ATLATLAHUCAN,21,BASICA,331,105,32,36,7,13,50,0,0,2
ATLATLAHUCAN,22,BASICA,384,113,25,31,13,15,56,0,0,4
ATLATLAHUCAN,23,BASICA,276,73,12,32,10,14,49,0,1,4
AXOCHIAPAN,24,BASICA,664,48,63,35,85,6,64,0,0,19
AXOCHIAPAN,24,CONTIGUA 1,664,54,105,49,77,0,55,0,3,20
AXOCHIAPAN,25,BASICA,529,63,92,18,112,0,25,0,1,13
AXOCHIAPAN,25,CONTIGUA 1,529,51,85,37,91,0,15,0,1,14
AXOCHIAPAN,26,BASICA,695,56,82,28,151,1,40,0,1,14
AXOCHIAPAN,26,CONTIGUA 1,696,59,90,29,118,1,40,0,0,24
AXOCHIAPAN,26,CONTIGUA 2,696,52,100,35,111,0,40,0,0,17
AXOCHIAPAN,27,BASICA,610,56,90,33,108,1,34,0,0,25
AXOCHIAPAN,27,CONTIGUA 1,610,53,89,32,116,4,45,0,0,23
AXOCHIAPAN,28,BASICA,568,53,74,29,110,1,29,0,0,13
AXOCHIAPAN,28,CONTIGUA 1,568,35,77,38,116,4,29,0,0,16
AXOCHIAPAN,29,BASICA,555,34,85,45,105,1,25,0,0,8
AXOCHIAPAN,29,CONTIGUA 1,556,51,82,26,90,0,27,0,0,24
AXOCHIAPAN,29,CONTIGUA 2,556,38,83,33,99,0,16,0,0,18
AXOCHIAPAN,30,BASICA,732,65,122,30,132,3,42,0,0,12
AXOCHIAPAN,30,CONTIGUA 1,732,59,97,27,170,2,20,0,0,19
AXOCHIAPAN,31,BASICA,584,43,62,30,114,4,52,0,0,25
AXOCHIAPAN,31,CONTIGUA 1,584,26,74,30,126,0,44,0,0,16
AXOCHIAPAN,31,CONTIGUA 2,584,35,66,37,110,6,50,0,2,17
AXOCHIAPAN,32,BASICA,484,29,83,39,58,0,26,0,0,22
AXOCHIAPAN,32,CONTIGUA 1,484,24,58,22,95,4,12,0,0,23
AXOCHIAPAN,33,BASICA,727,78,116,31,132,6,37,0,2,24
AXOCHIAPAN,33,CONTIGUA 1,727,73,124,39,108,4,40,0,0,30
AXOCHIAPAN,34,BASICA,215,42,21,7,33,0,8,0,0,9
AXOCHIAPAN,35,BASICA,462,17,67,51,86,3,59,0,0,24
AXOCHIAPAN,35,CONTIGUA 1,463,22,47,70,65,1,59,0,0,26
AXOCHIAPAN,36,BASICA,409,25,28,69,60,1,65,0,0,15
AXOCHIAPAN,36,CONTIGUA 1,409,13,45,48,56,0,31,0,0,21
AXOCHIAPAN,37,BASICA,732,39,76,86,79,1,127,0,1,41
AXOCHIAPAN,38,BASICA,676,66,78,72,44,3,70,0,0,24
AXOCHIAPAN,38,CONTIGUA 1,676,46,94,62,28,2,79,0,0,20
AXOCHIAPAN,39,BASICA,455,38,52,52,37,3,21,0,0,14
AXOCHIAPAN,39,CONTIGUA 1,456,49,57,56,22,0,22,0,0,13
AXOCHIAPAN,40,BASICA,468,104,96,24,49,1,7,0,0,8
AXOCHIAPAN,40,CONTIGUA 1,468,94,66,42,74,0,4,0,0,3
AXOCHIAPAN,41,BASICA,415,132,49,36,33,2,5,0,2,8
AXOCHIAPAN,41,CONTIGUA 1,416,122,52,36,42,1,3,0,0,5
AXOCHIAPAN,42,BASICA,340,28,82,6,49,2,5,0,2,6
AXOCHIAPAN,43,BASICA,384,27,67,18,12,0,11,0,0,12
AXOCHIAPAN,43,CONTIGUA 1,384,25,67,26,21,0,17,0,0,10
AYALA,44,BASICA,677,179,76,56,3,35,2,0,0,18
AYALA,44,CONTIGUA 1,677,173,65,60,1,21,3,0,1,20
AYALA,45,BASICA,610,158,115,39,1,49,2,0,0,12
AYALA,45,CONTIGUA 1,610,151,107,29,0,61,0,0,0,13
AYALA,45,CONTIGUA 2,611,166,89,41,0,53,5,0,0,18
AYALA,46,BASICA,523,159,60,42,0,25,3,0,0,18
AYALA,46,CONTIGUA 1,523,172,54,39,0,27,2,0,1,14
AYALA,47,BASICA,681,197,43,42,1,24,4,0,3,22
AYALA,47,CONTIGUA 1,681,186,43,60,2,21,7,0,0,19
AYALA,48,BASICA,701,117,101,37,0,28,1,0,0,28
AYALA,48,CONTIGUA 1,702,125,79,35,2,27,3,0,0,25
AYALA,49,BASICA,693,173,212,44,0,26,1,0,0,18
AYALA,49,CONTIGUA 1,693,208,152,53,0,50,5,0,0,9
AYALA,50,BASICA,515,113,153,21,0,13,4,0,0,17
AYALA,50,CONTIGUA 1,515,120,107,34,2,26,0,0,1,14
AYALA,51,BASICA,456,137,97,37,0,20,1,0,0,7
AYALA,51,CONTIGUA 1,456,137,102,45,0,23,1,0,0,10
AYALA,52,BASICA,691,188,132,41,0,24,1,0,1,17
AYALA,52,CONTIGUA 1,691,166,118,36,4,32,2,0,0,18
AYALA,53,BASICA,284,52,77,20,0,12,0,0,0,11
AYALA,54,BASICA,693,148,59,93,3,23,4,0,3,13
AYALA,54,CONTIGUA 1,694,143,56,110,5,23,2,0,2,13
AYALA,55,BASICA,665,104,81,67,4,31,8,0,0,16
AYALA,55,CONTIGUA 1,665,109,67,59,5,32,7,0,3,18
AYALA,55,CONTIGUA 2,666,118,92,62,3,35,5,0,2,10
AYALA,56,BASICA,661,117,78,85,4,37,5,0,2,15
AYALA,56,CONTIGUA 1,662,120,77,80,2,37,2,0,2,10
AYALA,57,BASICA,671,124,83,58,3,37,3,0,0,10
AYALA,57,CONTIGUA 1,671,122,90,52,4,46,3,0,0,13
AYALA,58,BASICA,689,109,105,42,0,49,3,0,0,10
AYALA,58,CONTIGUA 1,689,97,131,51,0,52,6,0,2,12
AYALA,59,BASICA,596,107,73,88,2,36,8,0,0,10
AYALA,59,CONTIGUA 1,596,92,65,55,4,25,7,0,0,13
AYALA,59,CONTIGUA 2,597,103,101,55,9,57,9,0,0,0
AYALA,60,BASICA,584,79,56,116,3,35,9,0,1,16
AYALA,61,BASICA,621,119,71,130,5,15,4,0,0,8
AYALA,61,CONTIGUA 1,621,113,104,121,2,16,3,0,1,4
AYALA,62,BASICA,616,79,84,77,1,73,5,0,2,9
AYALA,62,CONTIGUA 1,616,100,66,90,4,67,1,0,1,11
AYALA,62,CONTIGUA 2,617,104,71,60,2,61,4,0,0,16
AYALA,63,BASICA,305,82,47,55,0,12,4,0,0,3
AYALA,64,BASICA,494,97,45,110,4,19,8,0,1,10
AYALA,65,BASICA,517,103,50,33,0,14,7,0,0,23
AYALA,65,CONTIGUA 1,518,79,38,33,3,20,11,0,1,11
AYALA,66,BASICA,676,103,95,69,0,61,3,0,0,23
AYALA,66,CONTIGUA 1,677,104,109,71,1,72,5,0,0,20
AYALA,67,BASICA,501,49,68,97,3,25,3,0,0,9
AYALA,67,CONTIGUA 1,502,45,62,105,0,30,1,0,0,9
AYALA,67,CONTIGUA 2,502,69,75,77,2,31,3,0,1,13
AYALA,68,BASICA,534,95,47,61,0,40,1,0,1,21
AYALA,68,CONTIGUA 1,534,94,50,59,2,49,0,0,0,14
AYALA,68,CONTIGUA 2,535,107,34,70,2,24,2,0,0,15
AYALA,69,BASICA,572,95,68,96,0,66,1,0,2,7
AYALA,69,CONTIGUA 1,573,87,60,66,1,63,3,0,1,9
AYALA,70,BASICA,716,131,69,80,1,45,3,0,0,12
AYALA,70,CONTIGUA 1,717,145,78,101,6,38,4,0,0,9
AYALA,71,BASICA,623,147,105,62,3,32,8,0,0,18
AYALA,71,CONTIGUA 1,623,148,81,91,0,30,2,0,0,24
AYALA,72,BASICA,578,135,113,41,0,0,20,0,0,23
AYALA,72,CONTIGUA 1,578,139,99,36,0,34,5,0,0,10
AYALA,72,CONTIGUA 2,578,147,77,52,0,26,3,0,0,20
AYALA,73,BASICA,653,130,86,40,1,37,3,0,0,25
AYALA,73,CONTIGUA 1,653,128,113,46,0,22,12,0,0,22
AYALA,73,CONTIGUA 2,653,134,82,56,0,29,9,0,4,21
AYALA,74,BASICA,572,107,78,67,1,58,9,0,0,13
AYALA,74,CONTIGUA 1,572,121,100,65,3,55,3,0,0,7
AYALA,74,CONTIGUA 2,573,140,83,74,0,54,7,0,0,8
AYALA,75,BASICA,710,103,85,78,2,34,62,0,0,21
AYALA,75,CONTIGUA 1,710,94,108,63,0,17,41,0,0,22
AYALA,76,BASICA,553,82,79,89,3,29,23,0,0,19
AYALA,76,CONTIGUA 1,553,86,82,83,0,25,16,0,0,10
AYALA,77,BASICA,514,105,40,80,1,52,2,0,0,13
AYALA,77,CONTIGUA 1,515,110,40,76,0,26,9,0,0,10
AYALA,77,CONTIGUA 2,515,112,41,94,5,24,6,0,2,9
AYALA,78,BASICA,194,59,30,14,1,16,0,0,0,4
AYALA,79,BASICA,653,87,66,111,0,31,14,0,0,14
AYALA,80,BASICA,513,48,71,65,0,75,3,0,0,14
AYALA,80,CONTIGUA 1,514,49,67,66,0,70,1,0,0,14
AYALA,80,GEOGRAFICA 1,280,69,46,40,3,6,1,0,0,10
AYALA,81,BASICA,326,60,78,26,0,17,1,0,0,5
AYALA,82,BASICA,234,54,39,11,0,33,0,0,1,5
AYALA,83,BASICA,451,73,63,47,3,23,6,0,0,18
AYALA,83,CONTIGUA 1,451,79,95,52,5,30,5,0,1,6
AYALA,84,BASICA,544,77,141,45,2,40,7,0,0,8
AYALA,84,CONTIGUA 1,544,97,148,58,3,36,10,0,2,10
AYALA,85,BASICA,532,123,104,30,0,54,1,0,0,22
COATLAN DEL RIO,86,BASICA,463,35,74,61,39,58,1,0,0,15
COATLAN DEL RIO,86,CONTIGUA 1,464,52,82,41,30,62,3,0,0,14
COATLAN DEL RIO,87,BASICA,671,79,90,90,55,82,1,0,0,18
COATLAN DEL RIO,87,CONTIGUA 1,672,80,118,72,67,72,1,0,0,18
COATLAN DEL RIO,88,BASICA,571,45,84,71,8,131,0,0,0,21
COATLAN DEL RIO,89,BASICA,607,36,86,22,10,146,1,0,2,21
COATLAN DEL RIO,89,CONTIGUA 1,607,42,86,32,5,165,0,0,0,16
COATLAN DEL RIO,90,BASICA,450,33,47,38,16,98,2,0,0,17
COATLAN DEL RIO,91,BASICA,257,29,45,23,5,23,0,0,0,8
COATLAN DEL RIO,92,BASICA,735,112,101,81,5,87,0,0,0,28
COATLAN DEL RIO,93,BASICA,444,76,49,37,4,80,0,0,0,13
COATLAN DEL RIO,93,CONTIGUA 1,445,63,77,37,6,73,3,0,0,10
COATLAN DEL RIO,94,BASICA,729,115,150,24,5,120,0,0,0,22
COATLAN DEL RIO,95,BASICA,377,63,78,7,7,59,1,0,1,6
COATLAN DEL RIO,96,BASICA,255,32,81,15,9,11,0,0,0,12
CUAUTLA,97,BASICA,692,144,74,115,40,19,3,1,1,7
CUAUTLA,97,CONTIGUA 1,692,149,98,91,29,28,12,0,1,10
CUAUTLA,97,CONTIGUA 2,692,153,89,86,40,18,4,0,0,9
CUAUTLA,97,CONTIGUA 3,693,157,74,107,31,17,8,0,1,9
CUAUTLA,98,BASICA,415,77,37,105,11,14,3,0,0,11
CUAUTLA,98,CONTIGUA 1,416,100,49,89,21,5,7,0,1,8
CUAUTLA,99,BASICA,747,183,45,140,28,12,5,0,0,19
CUAUTLA,99,CONTIGUA 1,747,150,61,135,32,20,4,0,0,11
CUAUTLA,100,BASICA,583,150,30,71,22,13,1,0,0,14
CUAUTLA,100,CONTIGUA 1,583,134,45,98,19,17,3,0,0,12
CUAUTLA,100,CONTIGUA 2,584,144,33,117,16,19,0,1,0,8
CUAUTLA,101,BASICA,444,117,48,65,21,12,4,0,0,16
CUAUTLA,101,CONTIGUA 1,445,105,48,94,16,8,3,1,1,4
CUAUTLA,102,BASICA,679,144,60,80,27,18,3,0,3,11
CUAUTLA,102,CONTIGUA 1,679,121,58,80,27,12,3,0,0,11
CUAUTLA,102,CONTIGUA 2,680,147,49,106,26,9,4,1,2,14
CUAUTLA,103,BASICA,578,145,70,89,29,21,0,0,0,6
CUAUTLA,103,CONTIGUA 1,578,142,72,81,22,10,3,0,0,5
CUAUTLA,104,BASICA,471,111,72,72,17,12,6,0,0,5
CUAUTLA,104,CONTIGUA 1,471,96,81,75,17,14,6,0,0,6
CUAUTLA,105,BASICA,746,126,146,89,28,11,15,0,2,6
CUAUTLA,106,BASICA,448,94,58,67,17,17,3,0,0,7
CUAUTLA,106,CONTIGUA 1,449,106,53,62,15,7,4,0,0,9
CUAUTLA,107,BASICA,473,109,63,70,12,7,5,1,0,5
CUAUTLA,107,CONTIGUA 1,474,117,68,69,17,10,5,1,1,8
CUAUTLA,108,BASICA,539,95,72,84,14,15,2,0,0,18
CUAUTLA,108,CONTIGUA 1,539,106,75,69,18,8,7,0,0,12
CUAUTLA,108,CONTIGUA 2,540,103,62,69,17,17,7,0,0,11
CUAUTLA,109,BASICA,611,75,58,85,10,16,6,0,3,10
CUAUTLA,109,CONTIGUA 1,611,90,57,65,13,16,7,0,1,11
CUAUTLA,109,CONTIGUA 2,612,83,48,90,17,9,2,0,2,14
CUAUTLA,109,CONTIGUA 3,612,81,44,95,16,8,3,0,0,14
CUAUTLA,110,BASICA,579,109,65,88,18,16,4,0,1,8
CUAUTLA,110,CONTIGUA 1,580,89,70,85,18,6,8,0,0,12
CUAUTLA,110,CONTIGUA 2,580,107,67,75,17,13,10,0,2,4
CUAUTLA,111,BASICA,603,101,66,90,25,22,5,4,1,13
CUAUTLA,111,CONTIGUA 1,604,108,64,77,21,17,3,1,0,5
CUAUTLA,111,CONTIGUA 2,604,102,60,89,35,31,4,0,3,11
CUAUTLA,112,BASICA,741,73,71,207,16,18,0,0,3,16
CUAUTLA,112,CONTIGUA 1,741,90,64,213,23,10,4,1,0,14
CUAUTLA,113,BASICA,579,83,38,108,16,9,4,0,0,5
CUAUTLA,113,CONTIGUA 1,580,79,29,119,19,13,12,0,2,11
CUAUTLA,113,CONTIGUA 2,580,85,37,114,22,12,3,0,2,4
CUAUTLA,113,CONTIGUA 3,580,91,46,115,17,13,1,0,1,8
CUAUTLA,114,BASICA,736,102,58,188,4,12,7,0,0,16
CUAUTLA,114,CONTIGUA 1,736,109,52,159,9,11,10,0,2,10
CUAUTLA,114,CONTIGUA 2,737,92,95,169,11,9,3,0,0,15
CUAUTLA,115,BASICA,481,87,48,103,12,10,4,0,0,0
CUAUTLA,115,CONTIGUA 1,481,82,76,113,8,5,2,0,1,6
CUAUTLA,116,BASICA,662,119,94,104,29,13,10,0,0,15
CUAUTLA,116,CONTIGUA 1,662,115,93,99,19,21,11,0,2,2
CUAUTLA,117,BASICA,532,115,85,61,17,21,10,0,1,21
CUAUTLA,117,CONTIGUA 1,533,105,79,67,24,13,6,0,0,11
CUAUTLA,118,BASICA,647,121,94,71,31,22,12,0,1,10
CUAUTLA,118,CONTIGUA 1,647,126,75,88,45,32,5,0,2,10
CUAUTLA,119,BASICA,639,129,110,108,13,11,3,0,0,11
CUAUTLA,119,CONTIGUA 1,639,116,101,93,17,8,5,0,0,13
CUAUTLA,120,BASICA,606,121,83,104,13,21,9,0,0,7
CUAUTLA,120,CONTIGUA 1,606,117,97,98,16,30,6,0,2,7
CUAUTLA,121,BASICA,588,90,78,90,21,23,8,0,2,7
CUAUTLA,122,BASICA,437,95,67,74,10,6,5,0,1,3
CUAUTLA,122,CONTIGUA 1,437,74,54,62,9,15,3,0,1,10
CUAUTLA,123,BASICA,574,121,82,88,12,16,5,0,0,12
CUAUTLA,123,CONTIGUA 1,575,116,68,96,17,14,4,0,1,6
CUAUTLA,123,CONTIGUA 2,575,109,85,95,21,11,3,0,0,7
CUAUTLA,124,BASICA,581,170,65,72,20,12,4,1,2,7
CUAUTLA,124,CONTIGUA 1,582,155,74,76,15,16,4,0,0,10
CUAUTLA,125,BASICA,682,156,88,109,13,18,6,1,2,3
CUAUTLA,125,CONTIGUA 1,683,156,98,103,14,28,4,0,1,6
CUAUTLA,125,CONTIGUA 2,683,145,89,80,22,23,5,1,3,11
CUAUTLA,126,BASICA,561,118,65,80,22,13,8,0,3,8
CUAUTLA,126,CONTIGUA 1,561,118,75,82,22,10,5,0,1,6
CUAUTLA,126,CONTIGUA 2,562,132,74,85,13,9,5,3,3,4
CUAUTLA,127,BASICA,683,140,91,106,8,13,5,0,0,8
CUAUTLA,127,CONTIGUA 1,683,138,84,83,16,19,8,0,0,15
CUAUTLA,128,BASICA,594,150,83,92,28,26,5,0,0,11
CUAUTLA,128,CONTIGUA 1,594,136,95,95,30,10,8,0,6,0
CUAUTLA,129,BASICA,604,130,70,85,26,8,4,0,2,10
CUAUTLA,129,CONTIGUA 1,605,122,82,69,18,12,4,0,0,8
CUAUTLA,130,BASICA,690,143,81,114,28,22,2,2,4,7
CUAUTLA,130,CONTIGUA 1,690,159,91,83,21,16,6,1,5,6
CUAUTLA,130,CONTIGUA 2,691,169,72,95,28,22,8,0,4,8
CUAUTLA,131,BASICA,542,105,88,71,17,8,5,0,0,6
CUAUTLA,131,CONTIGUA 1,543,102,82,75,17,15,3,0,1,7
CUAUTLA,131,CONTIGUA 2,543,96,75,68,21,18,2,0,1,6
CUAUTLA,132,BASICA,605,142,99,77,30,33,1,0,0,10
CUAUTLA,132,CONTIGUA 1,606,118,72,74,20,29,1,0,0,9
CUAUTLA,133,BASICA,339,101,62,37,9,7,0,0,1,3
CUAUTLA,134,BASICA,628,122,106,68,24,26,16,1,1,11
CUAUTLA,134,CONTIGUA 1,629,132,112,76,33,20,13,0,0,9
CUAUTLA,135,BASICA,634,113,87,78,14,14,4,0,1,11
CUAUTLA,135,CONTIGUA 1,634,84,77,91,10,5,5,0,1,16
CUAUTLA,135,CONTIGUA 2,634,92,87,98,18,0,2,0,0,12
CUAUTLA,135,CONTIGUA 3,635,111,64,98,10,11,2,0,2,9
CUAUTLA,135,CONTIGUA 4,635,87,80,79,14,10,7,0,2,12
CUAUTLA,136,BASICA,530,92,62,71,11,23,2,1,0,5
CUAUTLA,136,CONTIGUA 1,531,87,51,88,12,14,3,0,0,1
CUAUTLA,137,BASICA,708,130,85,94,14,19,2,0,0,7
CUAUTLA,137,CONTIGUA 1,709,107,92,113,9,12,4,0,0,8
CUAUTLA,138,BASICA,665,132,111,91,13,20,2,0,0,5
CUAUTLA,138,CONTIGUA 1,666,117,113,86,30,23,1,0,0,10
CUAUTLA,139,BASICA,477,92,92,54,15,25,2,1,1,8
CUAUTLA,139,CONTIGUA 1,478,96,113,53,15,17,3,0,1,6
CUAUTLA,140,BASICA,649,150,141,92,45,0,7,0,0,10
CUAUTLA,140,CONTIGUA 1,649,161,137,74,29,28,9,2,0,8
CUAUTLA,141,BASICA,393,82,55,63,15,6,2,0,0,8
CUAUTLA,141,CONTIGUA 1,393,75,56,69,11,10,0,1,0,5
CUAUTLA,142,BASICA,706,146,127,87,17,10,6,0,0,13
CUAUTLA,142,CONTIGUA 1,706,130,100,89,18,22,7,0,0,8
CUAUTLA,143,BASICA,514,81,103,87,21,15,6,2,0,7
CUAUTLA,143,CONTIGUA 1,514,102,96,74,14,11,5,1,1,5
CUAUTLA,143,CONTIGUA 2,515,85,95,74,17,13,0,1,0,17
CUAUTLA,144,BASICA,489,66,75,68,15,8,3,0,1,7
CUAUTLA,144,CONTIGUA 1,489,76,58,83,9,18,2,0,0,8
CUAUTLA,145,BASICA,521,137,60,87,26,20,10,0,7,0
CUAUTLA,145,CONTIGUA 1,521,108,64,95,28,14,9,0,0,5
CUAUTLA,146,BASICA,582,89,146,99,19,13,3,1,5,5
CUAUTLA,146,CONTIGUA 1,582,103,106,85,25,15,2,0,1,5
CUAUTLA,147,BASICA,649,124,97,71,5,29,8,0,0,10
CUAUTLA,147,CONTIGUA 1,649,109,109,95,27,16,7,3,3,6
CUAUTLA,148,BASICA,651,111,107,69,21,17,5,0,0,17
CUAUTLA,148,CONTIGUA 1,651,118,101,66,18,24,3,0,0,9
CUAUTLA,149,BASICA,420,85,71,53,12,6,6,0,0,7
CUAUTLA,149,CONTIGUA 1,420,98,78,47,18,10,1,0,0,2
CUAUTLA,150,BASICA,699,129,69,102,14,12,6,1,0,11
CUAUTLA,150,CONTIGUA 1,699,109,61,128,5,9,0,0,2,7
CUAUTLA,150,CONTIGUA 2,700,114,70,138,16,17,2,0,0,17
CUAUTLA,151,BASICA,707,131,90,89,19,17,5,0,0,14
CUAUTLA,151,CONTIGUA 1,707,105,91,105,15,11,5,0,3,13
CUAUTLA,151,CONTIGUA 2,707,127,95,113,15,7,8,0,0,12
CUAUTLA,151,CONTIGUA 3,708,130,112,91,8,16,7,1,0,18
CUAUTLA,152,BASICA,702,124,103,88,18,15,8,1,0,17
CUAUTLA,152,CONTIGUA 1,703,130,125,53,16,21,3,0,3,17
CUAUTLA,153,BASICA,461,91,89,70,11,7,6,0,0,3
CUAUTLA,153,CONTIGUA 1,462,93,61,73,3,10,7,0,0,6
CUAUTLA,154,BASICA,503,128,85,82,13,12,2,1,1,4
CUAUTLA,154,CONTIGUA 1,503,114,88,85,6,9,4,0,2,3
CUAUTLA,155,BASICA,617,130,93,90,24,27,6,1,0,7
CUAUTLA,155,CONTIGUA 1,618,135,73,88,22,21,3,0,0,8
CUAUTLA,156,BASICA,467,91,64,79,15,7,7,0,0,8
CUAUTLA,156,CONTIGUA 1,467,108,59,80,18,15,4,0,0,7
CUAUTLA,157,BASICA,404,80,82,65,19,5,4,0,0,7
CUAUTLA,157,CONTIGUA 1,404,66,92,58,25,6,8,0,0,5
CUAUTLA,158,BASICA,501,121,83,61,15,17,16,0,0,3
CUAUTLA,159,BASICA,526,101,80,97,25,12,5,0,0,13
CUAUTLA,159,CONTIGUA 1,527,83,91,100,19,18,5,0,0,11
CUAUTLA,159,CONTIGUA 2,527,95,100,78,15,16,1,0,1,14
CUAUTLA,160,BASICA,379,72,65,64,16,11,6,0,0,3
CUAUTLA,160,CONTIGUA 1,380,89,61,58,8,13,8,3,1,4
CUAUTLA,161,BASICA,575,108,97,94,22,9,6,0,1,4
CUAUTLA,162,BASICA,538,138,79,85,12,10,5,1,0,2
CUAUTLA,162,CONTIGUA 1,538,118,93,87,36,0,6,0,0,5
CUAUTLA,163,BASICA,445,78,79,65,11,9,1,0,0,12
CUAUTLA,164,BASICA,447,55,97,57,12,12,3,0,0,11
CUAUTLA,165,BASICA,551,77,106,78,6,19,5,0,0,9
CUAUTLA,165,CONTIGUA 1,551,87,90,58,17,25,6,0,1,5
CUAUTLA,166,BASICA,668,91,119,92,19,29,3,2,0,18
CUAUTLA,166,CONTIGUA 1,669,134,128,87,10,23,2,0,2,11
CUAUTLA,167,BASICA,429,73,79,43,8,20,5,1,0,3
CUAUTLA,167,CONTIGUA 1,430,74,87,63,11,14,1,0,1,5
CUAUTLA,168,BASICA,441,73,101,62,13,16,3,0,0,9
CUAUTLA,168,CONTIGUA 1,441,100,83,52,6,9,3,0,0,5
CUAUTLA,169,BASICA,661,101,154,100,15,15,5,0,0,9
CUAUTLA,169,CONTIGUA 1,662,110,161,86,8,13,10,0,0,6
CUAUTLA,170,BASICA,472,53,104,75,16,17,4,0,2,10
CUAUTLA,170,CONTIGUA 1,473,65,107,68,15,24,3,0,0,4
CUAUTLA,171,BASICA,523,63,124,75,11,13,0,0,0,10
CUAUTLA,172,BASICA,408,77,53,64,7,13,3,0,0,3
CUAUTLA,172,CONTIGUA 1,408,102,81,46,8,16,2,1,0,3
CUAUTLA,173,BASICA,698,113,100,96,27,13,5,0,0,10
CUAUTLA,173,CONTIGUA 1,699,135,93,101,20,25,1,0,2,6
CUAUTLA,174,BASICA,493,108,54,95,17,18,4,2,2,8
CUAUTLA,174,CONTIGUA 1,494,113,62,78,21,16,3,0,0,4
CUAUTLA,175,BASICA,618,114,70,86,10,15,6,0,1,11
CUAUTLA,175,CONTIGUA 1,619,124,78,86,18,12,2,0,1,10
CUAUTLA,176,BASICA,404,98,44,77,14,15,3,0,3,7
CUAUTLA,176,CONTIGUA 1,405,98,70,35,9,5,1,0,0,2
CUAUTLA,177,BASICA,568,104,67,79,13,16,1,0,0,13
CUAUTLA,177,CONTIGUA 1,569,71,64,80,4,7,4,0,0,12
CUAUTLA,177,CONTIGUA 2,569,99,49,76,19,14,6,0,0,16
CUAUTLA,178,BASICA,733,140,77,87,25,19,5,1,0,13
CUAUTLA,178,CONTIGUA 1,733,143,80,73,19,12,5,0,0,16
CUAUTLA,178,CONTIGUA 2,733,107,93,94,15,15,8,0,0,10
CUAUTLA,178,CONTIGUA 3,733,135,71,86,16,27,9,0,0,8
CUAUTLA,179,BASICA,664,106,107,92,17,17,4,1,2,7
CUAUTLA,179,CONTIGUA 1,664,87,105,117,16,9,3,0,0,14
CUAUTLA,180,BASICA,632,123,70,65,10,20,1,0,7,12
CUAUTLA,180,CONTIGUA 1,633,118,74,85,6,10,1,0,3,11
CUAUTLA,180,CONTIGUA 2,633,111,79,73,13,11,2,0,0,15
CUAUTLA,181,BASICA,562,137,55,11,76,12,5,0,0,7
CUAUTLA,181,CONTIGUA 1,562,119,60,68,5,11,3,0,0,6
CUAUTLA,181,CONTIGUA 2,563,105,52,78,10,11,7,0,1,4
CUAUTLA,182,BASICA,729,111,75,118,19,15,5,0,1,9
CUAUTLA,182,CONTIGUA 1,729,127,79,111,18,19,8,0,0,9
CUAUTLA,183,BASICA,658,118,75,94,22,24,5,0,0,20
CUAUTLA,183,CONTIGUA 1,659,96,75,94,36,0,2,0,0,15
CUAUTLA,184,BASICA,623,119,110,87,11,22,6,0,0,7
CUAUTLA,185,BASICA,636,113,109,41,15,6,4,1,2,13
CUAUTLA,185,CONTIGUA 1,637,126,114,41,12,12,3,0,0,12
CUAUTLA,185,CONTIGUA 2,637,119,104,61,15,19,6,0,2,15
CUAUTLA,186,BASICA,640,82,135,75,16,29,4,0,0,10
CUAUTLA,186,CONTIGUA 1,640,68,136,45,14,30,3,0,0,14
CUAUTLA,187,BASICA,257,95,28,28,5,10,1,0,1,5
CUERNAVACA,188,BASICA,578,,,,,,,,,
CUERNAVACA,188,CONTIGUA 1,578,140,84,103,18,6,4,0,0,10
CUERNAVACA,188,CONTIGUA 2,578,161,90,96,14,6,4,0,1,2
CUERNAVACA,188,CONTIGUA 3,578,150,83,90,14,10,4,0,2,5
CUERNAVACA,189,BASICA,593,0,0,0,0,0,0,0,0,0
CUERNAVACA,189,CONTIGUA 1,594,157,61,124,8,10,6,0,0,5
CUERNAVACA,190,BASICA,614,191,56,91,20,5,8,0,0,15
CUERNAVACA,190,CONTIGUA 1,615,150,73,90,13,9,4,0,0,6
CUERNAVACA,190,CONTIGUA 2,615,182,60,110,16,8,4,0,0,12
CUERNAVACA,190,CONTIGUA 3,615,179,61,105,16,7,5,0,0,13
CUERNAVACA,191,BASICA,525,139,72,82,14,13,5,0,0,5
CUERNAVACA,191,CONTIGUA 1,526,136,60,71,11,7,2,0,0,8
CUERNAVACA,191,CONTIGUA 2,526,131,74,87,14,3,3,0,0,4
CUERNAVACA,192,BASICA,658,185,80,128,27,16,4,0,0,11
CUERNAVACA,192,CONTIGUA 1,659,193,68,124,27,6,4,0,0,6
CUERNAVACA,192,CONTIGUA 2,659,171,64,132,24,11,3,0,0,7
CUERNAVACA,193,BASICA,618,134,94,121,25,10,1,0,1,6
CUERNAVACA,193,CONTIGUA 1,618,167,93,103,14,16,7,0,0,9
CUERNAVACA,193,CONTIGUA 2,618,147,113,118,23,11,6,0,0,10
CUERNAVACA,193,CONTIGUA 3,619,183,69,108,21,8,6,0,2,6
CUERNAVACA,194,BASICA,685,176,82,124,33,12,8,0,0,13
CUERNAVACA,194,CONTIGUA 1,685,155,85,119,26,10,3,0,2,4
CUERNAVACA,194,CONTIGUA 2,685,138,117,126,28,8,7,0,0,13
CUERNAVACA,194,CONTIGUA 3,685,150,89,120,30,13,8,0,0,8
CUERNAVACA,195,BASICA,601,172,52,119,10,4,2,0,0,8
CUERNAVACA,195,CONTIGUA 1,602,164,79,87,12,12,9,0,3,8
CUERNAVACA,195,CONTIGUA 2,602,192,58,87,9,7,6,0,3,12
CUERNAVACA,196,BASICA,683,174,82,92,18,14,7,0,3,5
CUERNAVACA,196,CONTIGUA 1,683,164,75,109,23,11,6,0,2,7
CUERNAVACA,196,CONTIGUA 2,683,176,68,107,19,5,3,0,3,9
CUERNAVACA,197,BASICA,669,187,74,145,11,7,3,0,0,4
CUERNAVACA,197,CONTIGUA 1,669,186,80,122,12,11,8,0,0,8
CUERNAVACA,197,CONTIGUA 2,669,192,59,118,12,8,4,0,0,10
CUERNAVACA,197,CONTIGUA 3,669,209,66,115,13,19,5,0,0,12
CUERNAVACA,198,BASICA,745,,,,,,,,,
CUERNAVACA,198,CONTIGUA 1,746,187,72,136,34,13,7,0,0,14
CUERNAVACA,199,BASICA,714,,,,,,,,,
CUERNAVACA,199,CONTIGUA 1,714,167,78,136,18,7,9,0,1,10
CUERNAVACA,199,CONTIGUA 2,715,194,80,120,25,9,8,0,0,5
CUERNAVACA,200,BASICA,613,172,71,97,24,14,6,0,0,5
CUERNAVACA,200,CONTIGUA 1,613,167,68,125,17,12,4,0,0,10
CUERNAVACA,201,BASICA,682,189,59,95,18,15,15,0,1,18
CUERNAVACA,201,CONTIGUA 1,683,177,100,115,13,10,4,0,0,15
CUERNAVACA,202,BASICA,701,185,80,137,15,11,1,0,0,16
CUERNAVACA,202,CONTIGUA 1,701,171,86,121,8,17,8,0,1,6
CUERNAVACA,202,CONTIGUA 2,701,196,103,119,7,6,5,0,0,15
CUERNAVACA,203,BASICA,636,154,89,124,13,11,7,0,0,16
CUERNAVACA,203,CONTIGUA 1,637,160,70,137,18,8,0,0,0,13
CUERNAVACA,204,BASICA,667,157,75,134,12,8,7,0,0,7
CUERNAVACA,204,CONTIGUA 1,668,180,87,112,21,9,9,0,0,11
CUERNAVACA,204,CONTIGUA 2,668,202,68,126,14,11,11,0,0,15
CUERNAVACA,205,BASICA,735,216,79,145,14,13,10,0,0,16
CUERNAVACA,205,CONTIGUA 1,736,213,113,153,0,4,6,0,0,9
CUERNAVACA,205,CONTIGUA 2,736,211,98,151,5,9,13,0,0,15
CUERNAVACA,206,BASICA,504,128,94,93,9,6,4,0,1,12
CUERNAVACA,206,CONTIGUA 1,504,156,91,75,10,6,2,0,0,11
CUERNAVACA,206,CONTIGUA 2,505,149,77,110,8,5,3,0,0,6
CUERNAVACA,207,BASICA,655,182,91,72,12,10,9,0,0,14
CUERNAVACA,207,CONTIGUA 1,656,200,110,65,20,5,6,0,0,11
CUERNAVACA,207,CONTIGUA 2,656,196,106,62,24,8,8,0,0,9
CUERNAVACA,208,BASICA,614,205,119,74,12,8,2,0,1,11
CUERNAVACA,208,CONTIGUA 1,614,210,88,60,11,6,6,0,0,13
CUERNAVACA,208,CONTIGUA 2,614,211,86,78,7,8,3,0,0,6
CUERNAVACA,209,BASICA,746,234,70,96,22,8,7,0,2,17
CUERNAVACA,209,CONTIGUA 1,747,234,57,110,24,11,11,0,0,7
CUERNAVACA,210,BASICA,524,189,58,88,7,3,15,0,0,6
CUERNAVACA,210,CONTIGUA 1,525,175,57,98,10,9,13,0,1,6
CUERNAVACA,211,BASICA,553,184,62,89,9,9,11,0,0,5
CUERNAVACA,211,CONTIGUA 1,554,160,65,86,12,5,4,0,3,7
CUERNAVACA,212,BASICA,750,158,87,130,17,10,8,0,0,6
CUERNAVACA,212,CONTIGUA 1,750,167,110,196,14,6,8,0,0,6
CUERNAVACA,213,BASICA,558,122,88,85,13,7,2,0,0,19
CUERNAVACA,213,CONTIGUA 1,558,120,98,96,19,13,2,0,0,8
CUERNAVACA,213,CONTIGUA 2,559,117,79,85,15,8,4,0,0,10
CUERNAVACA,214,BASICA,617,160,103,86,14,2,33,0,0,7
CUERNAVACA,214,CONTIGUA 1,617,132,100,116,13,7,20,0,1,8
CUERNAVACA,214,CONTIGUA 2,618,154,77,100,10,9,20,0,0,11
CUERNAVACA,215,BASICA,647,139,101,105,26,8,4,0,0,16
CUERNAVACA,215,CONTIGUA 1,648,128,122,86,26,11,3,0,0,5
CUERNAVACA,216,BASICA,680,234,87,104,9,18,8,0,0,5
CUERNAVACA,216,CONTIGUA 1,680,227,84,106,15,15,2,0,0,7
CUERNAVACA,217,BASICA,441,154,42,87,6,8,5,0,0,3
CUERNAVACA,217,CONTIGUA 1,441,140,60,69,8,7,4,0,0,8
CUERNAVACA,218,BASICA,464,137,45,77,9,10,7,0,0,8
CUERNAVACA,218,CONTIGUA 1,465,149,63,83,8,6,10,0,0,6
CUERNAVACA,219,BASICA,557,165,52,92,16,8,8,0,0,10
CUERNAVACA,219,CONTIGUA 1,558,144,59,104,8,7,5,0,0,12
CUERNAVACA,219,CONTIGUA 2,558,172,56,89,16,10,6,0,1,6
CUERNAVACA,220,BASICA,672,199,77,106,18,4,10,0,0,12
CUERNAVACA,220,CONTIGUA 1,672,216,64,105,14,6,7,0,0,23
CUERNAVACA,220,CONTIGUA 2,672,223,70,100,15,8,11,0,0,6
CUERNAVACA,220,GEOGRAFICA 1,721,165,87,120,12,8,5,0,2,13
CUERNAVACA,220,GEOGRAFICA 2,722,192,45,70,10,2,2,0,0,5
CUERNAVACA,221,BASICA,710,158,87,98,18,7,12,0,0,10
CUERNAVACA,221,CONTIGUA 1,710,128,81,134,19,8,8,0,0,9
CUERNAVACA,222,BASICA,611,112,54,111,15,12,2,0,0,16
CUERNAVACA,222,CONTIGUA 1,611,128,49,132,8,6,3,0,0,12
CUERNAVACA,222,CONTIGUA 2,611,,,,,,,,,
CUERNAVACA,222,CONTIGUA 3,612,114,61,119,10,7,5,0,0,11
CUERNAVACA,222,CONTIGUA 4,612,107,67,141,12,6,3,0,0,11
CUERNAVACA,223,BASICA,619,130,74,103,15,10,2,0,0,14
CUERNAVACA,223,CONTIGUA 1,620,132,66,109,10,7,4,0,0,11
CUERNAVACA,224,BASICA,704,129,94,107,18,8,3,0,0,17
CUERNAVACA,224,CONTIGUA 1,704,,,,,,,,,
CUERNAVACA,225,BASICA,620,125,88,110,19,10,4,0,0,1
CUERNAVACA,225,CONTIGUA 1,621,134,70,120,20,8,3,0,1,21
CUERNAVACA,226,BASICA,653,120,64,115,16,16,3,0,0,10
CUERNAVACA,226,CONTIGUA 1,653,144,62,109,15,9,4,0,1,9
CUERNAVACA,227,BASICA,628,124,78,110,18,12,3,0,0,11
CUERNAVACA,227,CONTIGUA 1,628,124,79,104,20,3,4,0,0,10
CUERNAVACA,227,CONTIGUA 2,629,147,78,104,15,5,4,0,0,2
CUERNAVACA,228,BASICA,657,246,69,100,16,9,7,0,1,4
CUERNAVACA,229,BASICA,476,136,64,83,13,8,3,0,0,7
CUERNAVACA,229,CONTIGUA 1,477,143,69,81,7,7,6,0,1,6
CUERNAVACA,230,BASICA,582,215,63,91,12,10,11,0,0,5
CUERNAVACA,230,CONTIGUA 1,583,235,57,75,13,10,6,0,0,7
CUERNAVACA,230,CONTIGUA 2,583,194,74,104,12,9,4,0,0,8
CUERNAVACA,231,BASICA,491,165,70,63,4,10,5,0,0,7
CUERNAVACA,231,CONTIGUA 1,491,174,69,69,9,14,6,0,0,3
CUERNAVACA,232,BASICA,606,197,92,105,16,5,10,0,1,7
CUERNAVACA,232,CONTIGUA 1,607,188,78,104,11,5,5,0,0,6
CUERNAVACA,232,CONTIGUA 2,607,231,88,119,14,8,8,0,0,4
CUERNAVACA,233,BASICA,532,172,80,95,7,9,5,0,0,5
CUERNAVACA,233,CONTIGUA 1,533,171,77,83,7,10,5,0,0,3
CUERNAVACA,234,BASICA,493,187,46,71,8,7,6,0,1,4
CUERNAVACA,234,CONTIGUA 1,493,174,37,87,11,17,8,0,5,0
CUERNAVACA,235,BASICA,598,43,116,64,9,5,2,0,0,4
CUERNAVACA,235,CONTIGUA 1,599,56,94,56,7,3,2,0,3,5
CUERNAVACA,236,BASICA,577,191,77,90,16,8,15,0,1,7
CUERNAVACA,237,BASICA,559,191,60,90,12,9,6,0,0,9
CUERNAVACA,237,CONTIGUA 1,559,177,66,76,15,7,8,0,0,11
CUERNAVACA,238,BASICA,418,143,34,59,17,7,10,0,0,5
CUERNAVACA,238,CONTIGUA 1,418,145,37,73,11,7,6,0,0,3
CUERNAVACA,239,BASICA,699,244,105,111,20,10,17,0,2,6
CUERNAVACA,239,CONTIGUA 1,699,258,81,126,24,12,6,0,1,9
CUERNAVACA,239,CONTIGUA 2,700,251,67,109,25,12,12,0,1,3
CUERNAVACA,239,CONTIGUA 3,700,231,102,110,14,12,11,0,0,7
CUERNAVACA,239,CONTIGUA 4,700,267,85,103,20,8,7,0,0,3
CUERNAVACA,239,CONTIGUA 5,700,266,76,123,11,11,8,0,2,3
CUERNAVACA,239,CONTIGUA 6,700,241,66,131,15,13,7,0,1,7
CUERNAVACA,240,BASICA,564,186,57,115,19,4,8,0,0,4
CUERNAVACA,240,CONTIGUA 1,564,198,50,111,17,6,11,0,0,4
CUERNAVACA,240,CONTIGUA 2,565,198,55,114,13,9,6,0,0,9
CUERNAVACA,241,BASICA,732,201,84,145,11,7,6,0,0,10
CUERNAVACA,241,CONTIGUA 1,732,199,81,135,13,13,7,0,0,9
CUERNAVACA,242,BASICA,648,163,69,91,14,8,9,0,1,13
CUERNAVACA,242,CONTIGUA 1,648,186,57,100,19,10,5,0,2,5
CUERNAVACA,243,BASICA,661,170,114,93,17,9,12,0,0,10
CUERNAVACA,244,BASICA,588,172,68,102,19,11,11,0,1,7
CUERNAVACA,244,CONTIGUA 1,589,188,59,107,20,9,6,0,0,6
CUERNAVACA,245,BASICA,455,151,28,72,17,1,2,0,0,6
CUERNAVACA,245,CONTIGUA 1,455,137,43,95,12,0,1,0,0,4
CUERNAVACA,246,BASICA,654,160,112,110,13,9,2,0,0,17
CUERNAVACA,246,CONTIGUA 1,654,159,100,123,10,11,3,0,0,4
CUERNAVACA,247,BASICA,622,190,76,118,10,11,7,0,0,9
CUERNAVACA,247,CONTIGUA 1,622,200,70,94,10,15,5,0,0,6
CUERNAVACA,248,BASICA,522,176,58,94,12,7,5,0,0,7
CUERNAVACA,248,CONTIGUA 1,523,158,70,119,8,5,3,0,1,5
CUERNAVACA,248,CONTIGUA 2,523,179,85,87,13,7,2,0,0,6
CUERNAVACA,249,BASICA,596,228,75,88,25,13,6,0,0,3
CUERNAVACA,250,BASICA,589,248,51,92,11,9,4,0,0,4
CUERNAVACA,250,CONTIGUA 1,590,225,69,86,12,8,9,0,0,6
CUERNAVACA,251,BASICA,424,173,33,45,9,7,5,0,0,4
CUERNAVACA,251,CONTIGUA 1,424,170,39,39,7,7,5,0,0,1
CUERNAVACA,252,BASICA,646,185,66,115,11,5,5,0,0,0
CUERNAVACA,252,CONTIGUA 1,647,170,70,98,13,16,4,0,1,1
CUERNAVACA,253,BASICA,655,142,58,137,21,13,2,0,0,9
CUERNAVACA,253,CONTIGUA 1,655,141,62,101,24,10,3,0,0,13
CUERNAVACA,254,BASICA,749,139,73,144,24,9,5,0,1,17
CUERNAVACA,254,CONTIGUA 1,749,145,72,156,26,7,5,0,0,14
CUERNAVACA,255,BASICA,711,172,74,105,20,7,2,0,0,12
CUERNAVACA,255,CONTIGUA 1,712,187,80,98,17,8,4,0,2,14
CUERNAVACA,255,CONTIGUA 2,712,168,73,116,9,8,3,0,1,9
CUERNAVACA,256,BASICA,583,128,69,143,13,9,7,0,0,6
CUERNAVACA,256,CONTIGUA 1,583,144,66,121,6,5,0,0,2,2
CUERNAVACA,256,CONTIGUA 2,583,141,101,106,7,7,3,0,0,10
CUERNAVACA,257,BASICA,720,173,91,125,19,13,10,0,0,4
CUERNAVACA,257,CONTIGUA 1,720,186,108,126,5,10,11,0,0,9
CUERNAVACA,257,CONTIGUA 2,720,156,107,144,8,19,4,0,0,13
CUERNAVACA,257,CONTIGUA 3,720,144,109,152,8,10,7,0,0,12
CUERNAVACA,257,CONTIGUA 4,721,164,97,149,9,8,5,0,0,9
CUERNAVACA,258,BASICA,650,139,132,115,8,11,3,0,0,8
CUERNAVACA,259,BASICA,533,135,86,97,19,14,13,0,1,4
CUERNAVACA,260,BASICA,400,114,69,79,10,11,4,0,0,4
CUERNAVACA,260,CONTIGUA 1,401,102,66,84,7,6,6,0,0,5
CUERNAVACA,261,BASICA,557,158,70,139,10,10,5,0,0,4
CUERNAVACA,262,BASICA,408,168,46,40,7,12,3,0,0,0
CUERNAVACA,262,CONTIGUA 1,408,167,33,57,4,11,3,0,0,6
CUERNAVACA,263,BASICA,522,210,49,59,16,8,2,0,0,8
CUERNAVACA,263,CONTIGUA 1,522,167,65,52,16,7,5,0,0,7
CUERNAVACA,264,BASICA,439,181,62,51,10,6,9,0,0,2
CUERNAVACA,264,CONTIGUA 1,439,175,58,67,7,4,4,0,0,5
CUERNAVACA,265,BASICA,705,288,66,81,21,21,6,0,0,6
CUERNAVACA,266,BASICA,441,192,45,70,11,2,2,0,0,5
CUERNAVACA,266,CONTIGUA 1,441,157,57,76,15,7,1,0,0,0
CUERNAVACA,267,BASICA,583,185,53,105,14,7,2,0,0,5
CUERNAVACA,267,CONTIGUA 1,583,186,61,116,10,12,4,0,0,6
CUERNAVACA,267,CONTIGUA 2,583,216,78,85,12,13,5,0,0,5
CUERNAVACA,268,BASICA,603,197,78,92,9,7,6,0,0,12
CUERNAVACA,268,CONTIGUA 1,603,204,76,96,7,7,4,0,0,7
CUERNAVACA,269,BASICA,604,177,79,102,16,10,5,0,0,6
CUERNAVACA,269,CONTIGUA 1,604,177,98,88,14,16,7,0,0,9
CUERNAVACA,270,BASICA,737,238,97,124,15,10,11,0,0,8
CUERNAVACA,271,BASICA,510,178,58,91,17,4,6,0,4,4
CUERNAVACA,271,CONTIGUA 1,510,158,63,75,11,8,12,0,0,9
CUERNAVACA,272,BASICA,568,124,66,96,16,12,2,0,0,16
CUERNAVACA,272,CONTIGUA 1,568,157,59,88,16,10,1,0,2,9
CUERNAVACA,272,CONTIGUA 2,568,151,61,78,12,13,4,0,0,0
CUERNAVACA,272,CONTIGUA 3,569,147,65,100,15,2,6,0,0,2
CUERNAVACA,273,BASICA,600,171,86,122,25,7,6,0,0,9
CUERNAVACA,273,CONTIGUA 1,600,172,66,101,10,12,6,0,0,16
CUERNAVACA,274,BASICA,526,110,81,69,13,6,5,0,0,4
CUERNAVACA,274,CONTIGUA 1,526,,,,,,,,,
CUERNAVACA,274,CONTIGUA 2,527,,,,,,,,,
CUERNAVACA,275,BASICA,563,176,79,95,14,6,6,0,0,7
CUERNAVACA,275,CONTIGUA 1,564,194,61,93,4,7,6,0,0,11
CUERNAVACA,276,BASICA,562,168,82,97,11,0,9,0,1,4
CUERNAVACA,276,CONTIGUA 1,563,173,101,92,4,8,6,0,0,2
CUERNAVACA,277,BASICA,737,226,94,134,15,6,6,0,0,13
CUERNAVACA,278,BASICA,455,164,56,69,14,5,5,0,0,1
CUERNAVACA,278,CONTIGUA 1,455,117,96,92,10,4,6,0,0,4
CUERNAVACA,279,BASICA,689,243,78,114,12,11,7,0,0,10
CUERNAVACA,279,CONTIGUA 1,690,237,64,119,11,10,5,0,0,6
CUERNAVACA,280,BASICA,381,144,40,56,5,4,2,0,0,6
CUERNAVACA,281,BASICA,530,198,52,58,10,14,8,0,0,5
CUERNAVACA,281,CONTIGUA 1,531,201,43,69,15,5,7,0,1,4
CUERNAVACA,282,BASICA,515,126,64,113,9,5,3,0,0,14
CUERNAVACA,282,CONTIGUA 1,515,,,,,,,,,
CUERNAVACA,282,CONTIGUA 2,516,102,83,105,10,8,4,0,1,6
CUERNAVACA,283,BASICA,693,184,101,144,13,8,5,0,0,6
CUERNAVACA,283,CONTIGUA 1,694,163,125,150,15,7,3,0,0,6
CUERNAVACA,284,BASICA,568,121,106,118,3,11,3,0,0,10
CUERNAVACA,284,CONTIGUA 1,568,114,117,86,8,10,4,0,0,13
CUERNAVACA,284,CONTIGUA 2,568,135,94,92,9,4,1,0,0,9
CUERNAVACA,285,BASICA,606,147,118,106,14,13,3,0,0,12
CUERNAVACA,285,CONTIGUA 1,606,151,113,121,10,12,6,0,1,4
CUERNAVACA,286,BASICA,655,147,98,144,8,6,4,0,1,7
CUERNAVACA,286,CONTIGUA 1,655,171,98,131,18,8,5,0,0,12
CUERNAVACA,287,BASICA,634,150,73,108,17,10,3,0,0,10
CUERNAVACA,287,CONTIGUA 1,635,167,90,131,10,17,7,0,0,4
CUERNAVACA,288,BASICA,635,120,75,125,16,12,2,0,0,7
CUERNAVACA,288,CONTIGUA 1,635,124,78,135,14,4,3,0,0,0
CUERNAVACA,288,CONTIGUA 2,635,133,90,116,18,6,5,0,0,6
CUERNAVACA,289,BASICA,677,224,67,122,15,15,13,0,1,8
CUERNAVACA,290,BASICA,633,183,71,150,10,6,7,0,1,12
CUERNAVACA,290,CONTIGUA 1,634,181,74,131,14,7,6,0,0,7
CUERNAVACA,290,CONTIGUA 2,634,233,72,113,15,6,4,0,0,3
CUERNAVACA,291,BASICA,735,260,101,113,18,13,9,0,3,3
CUERNAVACA,292,BASICA,639,134,95,130,20,13,3,0,1,6
CUERNAVACA,292,CONTIGUA 1,640,,,,,,,,,
CUERNAVACA,292,CONTIGUA 2,640,,,,,,,,,
CUERNAVACA,293,BASICA,619,235,49,98,10,16,8,0,0,8
CUERNAVACA,294,BASICA,542,152,70,83,15,12,4,0,2,6
CUERNAVACA,294,CONTIGUA 1,542,136,95,79,5,6,3,0,1,4
CUERNAVACA,295,BASICA,384,135,64,52,11,7,1,0,1,5
CUERNAVACA,295,CONTIGUA 1,385,115,65,42,7,2,1,0,0,7
CUERNAVACA,296,BASICA,460,,,,,,,,,
CUERNAVACA,296,CONTIGUA 1,460,97,61,81,4,6,0,0,0,4
CUERNAVACA,297,BASICA,532,107,79,104,9,7,6,0,0,9
CUERNAVACA,297,CONTIGUA 1,532,129,82,84,7,4,5,0,1,9
CUERNAVACA,298,BASICA,450,97,84,88,7,11,3,0,0,7
CUERNAVACA,298,CONTIGUA 1,451,109,84,88,10,3,4,0,0,4
CUERNAVACA,299,BASICA,504,,,,,,,,,
CUERNAVACA,300,BASICA,488,111,92,80,8,6,0,0,0,4
CUERNAVACA,300,CONTIGUA 1,488,142,79,70,5,11,2,0,1,8
CUERNAVACA,301,BASICA,555,157,91,80,6,3,5,0,0,9
CUERNAVACA,301,CONTIGUA 1,556,145,91,114,6,6,4,0,1,6
CUERNAVACA,302,BASICA,611,51,142,99,20,9,1,0,0,20
CUERNAVACA,302,CONTIGUA 1,611,64,112,88,18,5,0,0,3,22
CUERNAVACA,302,CONTIGUA 2,611,55,98,99,14,9,1,0,0,26
CUERNAVACA,303,BASICA,592,171,87,101,12,16,4,0,0,0
CUERNAVACA,303,CONTIGUA 1,592,154,70,91,13,14,3,0,0,3
CUERNAVACA,303,CONTIGUA 2,593,176,63,103,9,7,5,0,0,2
CUERNAVACA,303,CONTIGUA 3,593,191,60,111,13,9,1,0,0,7
CUERNAVACA,304,BASICA,742,248,106,138,12,10,3,0,0,8
CUERNAVACA,304,CONTIGUA 1,742,246,107,139,11,9,3,0,0,10
CUERNAVACA,305,BASICA,583,139,63,96,9,18,4,0,0,9
CUERNAVACA,305,CONTIGUA 1,583,146,66,114,14,19,3,0,2,4
CUERNAVACA,305,CONTIGUA 2,583,141,77,127,10,12,2,0,0,8
CUERNAVACA,306,BASICA,658,149,73,136,13,7,1,0,0,6
CUERNAVACA,306,CONTIGUA 1,658,193,69,144,11,17,6,0,0,14
CUERNAVACA,307,BASICA,539,137,101,114,11,8,6,0,0,1
CUERNAVACA,307,CONTIGUA 1,539,135,110,107,18,8,2,0,1,7
CUERNAVACA,308,BASICA,650,170,100,132,12,15,5,0,0,6
CUERNAVACA,308,CONTIGUA 1,651,156,116,110,12,14,5,0,0,3
CUERNAVACA,309,BASICA,657,179,88,120,12,11,4,0,0,9
CUERNAVACA,309,CONTIGUA 1,657,159,91,123,10,17,7,0,0,10
CUERNAVACA,309,CONTIGUA 2,657,152,88,116,10,7,7,0,0,6
CUERNAVACA,309,CONTIGUA 3,657,,,,,,,,,
CUERNAVACA,310,BASICA,483,140,71,60,17,15,5,0,3,3
CUERNAVACA,310,CONTIGUA 1,483,153,74,81,11,3,3,0,1,4
CUERNAVACA,311,BASICA,675,181,69,120,19,10,5,0,1,4
CUERNAVACA,311,CONTIGUA 1,675,175,95,136,14,7,5,0,0,6
CUERNAVACA,312,BASICA,602,165,94,99,8,8,2,0,0,4
CUERNAVACA,312,CONTIGUA 1,602,159,94,116,13,12,7,0,0,5
CUERNAVACA,313,BASICA,521,132,79,83,5,1,5,0,2,7
CUERNAVACA,314,BASICA,572,125,102,80,19,9,0,0,0,6
CUERNAVACA,314,CONTIGUA 1,572,96,93,79,9,12,3,0,0,3
CUERNAVACA,315,BASICA,516,139,75,86,14,12,8,0,0,9
CUERNAVACA,315,CONTIGUA 1,516,126,99,84,8,9,7,0,0,10
CUERNAVACA,316,BASICA,632,148,77,122,17,5,3,0,0,16
CUERNAVACA,316,CONTIGUA 1,632,111,73,119,17,11,2,0,0,7
CUERNAVACA,317,BASICA,644,156,95,102,8,8,3,0,0,18
CUERNAVACA,317,CONTIGUA 1,644,173,112,109,14,12,6,0,0,7
CUERNAVACA,317,CONTIGUA 2,645,129,84,95,13,14,5,0,1,22
CUERNAVACA,318,BASICA,505,108,75,73,11,8,2,0,2,9
CUERNAVACA,318,CONTIGUA 1,505,99,90,67,12,8,4,0,2,14
CUERNAVACA,318,CONTIGUA 2,505,98,77,73,6,25,3,0,0,12
CUERNAVACA,319,BASICA,465,138,71,98,4,8,5,0,0,6
CUERNAVACA,320,BASICA,676,163,103,115,13,9,9,0,1,7
CUERNAVACA,320,CONTIGUA 1,677,190,96,119,10,11,7,0,0,13
CUERNAVACA,320,CONTIGUA 2,677,179,104,108,8,19,4,0,0,17
CUERNAVACA,321,BASICA,586,151,78,128,4,6,5,0,0,9
CUERNAVACA,321,CONTIGUA 1,586,148,68,137,3,14,5,0,0,6
CUERNAVACA,322,BASICA,620,179,90,119,13,12,7,0,1,4
CUERNAVACA,322,CONTIGUA 1,620,183,86,109,14,14,11,0,1,5
CUERNAVACA,323,BASICA,583,126,70,102,12,9,3,0,1,6
CUERNAVACA,324,BASICA,572,147,91,80,9,7,4,0,0,6
CUERNAVACA,324,CONTIGUA 1,572,155,90,75,13,8,5,0,1,10
CUERNAVACA,325,BASICA,446,128,58,68,17,2,7,0,0,5
CUERNAVACA,326,BASICA,315,76,50,46,5,7,7,0,0,7
CUERNAVACA,327,BASICA,548,169,69,106,7,6,3,0,0,3
CUERNAVACA,327,CONTIGUA 1,548,184,74,92,18,10,5,0,1,2
CUERNAVACA,328,BASICA,466,140,72,68,7,11,6,0,1,8
CUERNAVACA,328,CONTIGUA 1,466,154,72,77,7,9,3,0,0,9
CUERNAVACA,329,BASICA,704,286,99,71,10,9,9,0,1,5
CUERNAVACA,330,BASICA,504,180,56,87,18,11,2,0,0,2
CUERNAVACA,330,CONTIGUA 1,505,172,60,86,5,13,7,0,0,6
CUERNAVACA,331,BASICA,451,128,69,98,14,8,2,0,0,3
CUERNAVACA,331,CONTIGUA 1,452,128,59,93,14,3,1,0,0,6
CUERNAVACA,332,BASICA,529,111,99,96,6,9,3,0,0,7
CUERNAVACA,332,CONTIGUA 1,529,126,86,103,8,4,1,0,0,9
CUERNAVACA,332,CONTIGUA 2,530,107,76,119,9,9,3,0,0,5
CUERNAVACA,333,BASICA,637,179,96,100,12,8,7,0,0,10
CUERNAVACA,333,CONTIGUA 1,638,148,98,118,17,4,2,0,0,8
CUERNAVACA,333,CONTIGUA 2,638,150,92,122,13,5,1,0,1,8
CUERNAVACA,334,BASICA,594,129,90,133,5,10,6,0,0,6
CUERNAVACA,334,CONTIGUA 1,595,153,67,113,4,12,3,0,1,6
CUERNAVACA,334,CONTIGUA 2,595,128,84,135,6,6,0,0,0,0
CUERNAVACA,335,BASICA,582,171,65,115,9,10,1,0,0,9
CUERNAVACA,335,CONTIGUA 1,583,119,66,128,10,8,4,0,0,10
CUERNAVACA,335,CONTIGUA 2,583,131,75,132,7,11,3,0,0,9
CUERNAVACA,336,BASICA,631,,,,,,,,,
CUERNAVACA,336,CONTIGUA 1,632,149,71,128,12,8,0,0,1,4
CUERNAVACA,337,BASICA,529,132,60,111,6,4,3,0,0,6
CUERNAVACA,337,CONTIGUA 1,530,117,59,133,5,7,3,0,0,6
CUERNAVACA,338,BASICA,685,198,114,89,13,10,4,0,1,9
CUERNAVACA,338,CONTIGUA 1,685,175,127,112,14,14,5,0,0,7
CUERNAVACA,339,BASICA,629,119,65,135,5,15,7,0,3,3
CUERNAVACA,339,CONTIGUA 1,630,132,55,111,17,14,4,0,1,7
CUERNAVACA,340,BASICA,698,181,98,119,9,14,10,0,2,3
CUERNAVACA,340,CONTIGUA 1,699,147,90,140,14,8,5,0,0,10
CUERNAVACA,340,CONTIGUA 2,699,151,99,134,17,5,3,0,0,15
CUERNAVACA,341,BASICA,694,252,92,112,16,4,7,0,0,8
CUERNAVACA,342,BASICA,472,187,53,60,8,7,4,0,2,5
CUERNAVACA,342,CONTIGUA 1,473,174,54,74,11,11,4,0,2,3
CUERNAVACA,343,BASICA,489,167,54,84,8,11,3,0,0,3
CUERNAVACA,343,CONTIGUA 1,490,157,66,88,15,10,10,0,1,2
CUERNAVACA,344,BASICA,505,137,92,86,13,9,2,0,0,5
CUERNAVACA,344,CONTIGUA 1,506,158,63,95,7,7,2,0,0,11
CUERNAVACA,344,CONTIGUA 2,506,160,76,83,10,8,5,0,0,6
CUERNAVACA,345,BASICA,596,178,106,85,11,9,2,0,2,10
CUERNAVACA,346,BASICA,734,186,108,123,16,20,4,0,1,3
CUERNAVACA,347,BASICA,548,,,,,,,,,
CUERNAVACA,348,BASICA,686,144,102,119,14,9,2,0,0,8
CUERNAVACA,348,CONTIGUA 1,686,158,106,96,10,17,0,0,0,10
CUERNAVACA,349,BASICA,648,159,113,104,12,12,2,0,0,9
CUERNAVACA,349,CONTIGUA 1,648,158,83,134,8,6,4,0,0,14
CUERNAVACA,350,BASICA,716,187,151,123,16,10,6,0,0,8
CUERNAVACA,350,CONTIGUA 1,716,188,153,117,9,12,4,0,1,12
CUERNAVACA,351,BASICA,635,168,87,148,11,12,1,0,2,9
CUERNAVACA,352,BASICA,393,97,41,83,7,7,1,0,2,3
CUERNAVACA,352,CONTIGUA 1,394,98,62,54,3,1,2,0,0,8
CUERNAVACA,353,BASICA,459,107,75,89,7,5,6,0,0,4
CUERNAVACA,353,CONTIGUA 1,460,108,67,73,5,11,6,0,0,4
CUERNAVACA,354,BASICA,603,205,54,92,9,13,12,0,0,4
CUERNAVACA,354,CONTIGUA 1,604,224,55,89,17,11,2,0,0,1
CUERNAVACA,355,BASICA,608,165,94,102,13,115,8,0,0,10
CUERNAVACA,355,CONTIGUA 1,608,179,89,102,15,12,1,0,1,2
CUERNAVACA,355,CONTIGUA 2,609,154,80,110,15,23,8,0,0,15
CUERNAVACA,356,BASICA,618,158,129,133,25,20,5,0,0,4
CUERNAVACA,356,CONTIGUA 1,619,161,123,131,15,28,1,0,0,4
CUERNAVACA,357,BASICA,435,168,48,71,11,13,5,0,0,7
CUERNAVACA,357,CONTIGUA 1,436,155,41,74,10,10,2,0,0,3
CUERNAVACA,358,BASICA,498,138,85,86,25,10,5,0,0,4
CUERNAVACA,359,BASICA,576,144,83,89,8,4,3,0,0,6
CUERNAVACA,359,CONTIGUA 1,576,171,76,109,12,5,4,0,0,6
CUERNAVACA,360,BASICA,712,126,129,138,8,10,1,0,1,7
CUERNAVACA,360,CONTIGUA 1,712,123,108,183,12,9,4,0,0,8
CUERNAVACA,361,BASICA,542,181,62,83,14,5,3,0,0,6
CUERNAVACA,361,CONTIGUA 1,542,181,78,71,4,6,5,0,0,9
CUERNAVACA,362,BASICA,598,170,78,118,7,7,6,0,0,4
CUERNAVACA,363,BASICA,399,100,50,54,7,15,4,0,0,1
CUERNAVACA,363,CONTIGUA 1,400,99,45,65,3,11,0,0,0,2
CUERNAVACA,364,BASICA,684,140,126,87,7,7,4,0,0,17
CUERNAVACA,364,CONTIGUA 1,685,141,126,116,11,9,7,0,0,15
CUERNAVACA,365,BASICA,593,97,104,58,14,11,2,0,0,17
CUERNAVACA,365,CONTIGUA 1,593,108,109,52,12,6,2,0,0,16
CUERNAVACA,365,CONTIGUA 2,594,95,125,80,8,6,1,0,0,13
CUERNAVACA,366,BASICA,705,136,110,129,14,6,0,0,0,8
CUERNAVACA,366,CONTIGUA 1,705,140,107,152,13,6,4,0,0,10
CUERNAVACA,367,BASICA,510,107,80,69,5,17,4,0,0,13
CUERNAVACA,367,CONTIGUA 1,510,89,97,92,14,6,2,0,1,10
CUERNAVACA,367,CONTIGUA 2,510,95,76,88,10,8,3,0,1,7
CUERNAVACA,368,BASICA,547,163,65,96,7,6,8,0,0,7
CUERNAVACA,368,CONTIGUA 1,548,178,58,77,16,11,3,0,0,9
CUERNAVACA,369,BASICA,641,188,86,109,16,11,6,0,0,0
CUERNAVACA,369,CONTIGUA 1,641,179,86,110,9,13,7,0,0,10
CUERNAVACA,370,BASICA,596,139,67,105,14,7,0,0,1,6
CUERNAVACA,370,CONTIGUA 1,597,,,,,,,,,
CUERNAVACA,370,CONTIGUA 2,597,166,65,108,18,15,3,0,0,8
CUERNAVACA,371,BASICA,562,177,59,93,11,6,13,0,0,5
CUERNAVACA,371,CONTIGUA 1,562,167,59,98,5,10,8,0,0,6
CUERNAVACA,372,BASICA,484,165,73,76,3,5,5,0,1,5
CUERNAVACA,372,CONTIGUA 1,485,168,76,83,5,8,4,0,0,4
CUERNAVACA,373,BASICA,547,109,66,95,7,6,4,0,0,9
CUERNAVACA,373,CONTIGUA 1,548,78,76,109,9,3,0,0,3,6
CUERNAVACA,373,CONTIGUA 2,548,94,80,94,6,6,0,0,0,14
CUERNAVACA,374,BASICA,527,92,57,142,12,6,1,0,2,4
CUERNAVACA,374,CONTIGUA 1,527,84,67,117,11,8,8,0,0,11
CUERNAVACA,375,BASICA,677,151,119,86,17,10,5,0,2,3
CUERNAVACA,375,CONTIGUA 1,677,149,90,103,12,8,4,0,1,12
CUERNAVACA,375,CONTIGUA 2,677,151,88,76,10,5,3,0,0,5
CUERNAVACA,375,CONTIGUA 3,677,137,104,116,6,10,3,0,0,15
CUERNAVACA,376,BASICA,717,220,101,137,22,5,5,0,0,8
CUERNAVACA,377,BASICA,415,124,55,68,9,7,7,0,0,5
CUERNAVACA,377,CONTIGUA 1,416,127,68,67,8,3,3,0,0,7
CUERNAVACA,378,BASICA,564,156,96,118,3,4,3,0,0,11
CUERNAVACA,378,CONTIGUA 1,564,,,,,,,,,
CUERNAVACA,379,BASICA,594,169,87,95,14,12,4,0,0,9
CUERNAVACA,379,CONTIGUA 1,595,156,95,82,14,6,2,0,0,16
CUERNAVACA,380,BASICA,621,238,62,55,22,9,6,0,0,4
CUERNAVACA,381,BASICA,675,239,60,104,21,12,5,0,0,5
CUERNAVACA,382,BASICA,720,205,107,104,12,10,9,0,0,11
CUERNAVACA,382,CONTIGUA 1,721,210,98,100,15,10,6,0,1,8
CUERNAVACA,382,CONTIGUA 2,721,195,104,123,13,17,7,0,0,12
CUERNAVACA,383,BASICA,568,135,78,92,13,14,2,0,0,5
CUERNAVACA,383,CONTIGUA 1,568,143,77,91,9,10,11,0,0,8
CUERNAVACA,383,CONTIGUA 2,568,155,81,112,8,5,4,0,0,3
CUERNAVACA,384,BASICA,568,177,72,87,12,12,8,0,0,9
CUERNAVACA,384,CONTIGUA 1,568,199,64,75,21,7,6,0,0,7
CUERNAVACA,385,BASICA,743,184,128,123,7,9,4,0,1,6
CUERNAVACA,385,CONTIGUA 1,743,182,118,114,6,11,3,0,0,13
CUERNAVACA,385,CONTIGUA 2,744,181,129,131,11,8,3,0,0,13
CUERNAVACA,386,BASICA,618,151,125,86,11,12,6,0,0,6
CUERNAVACA,386,CONTIGUA 1,618,197,83,86,9,7,3,0,0,5
CUERNAVACA,386,CONTIGUA 2,618,172,93,83,4,10,8,0,0,12
CUERNAVACA,387,BASICA,726,141,87,114,8,10,6,0,3,12
CUERNAVACA,387,CONTIGUA 1,726,159,83,88,12,4,2,0,0,19
CUERNAVACA,387,CONTIGUA 2,727,124,72,117,9,12,2,0,4,7
CUERNAVACA,388,BASICA,658,122,95,102,8,4,0,0,4,9
CUERNAVACA,388,CONTIGUA 1,658,124,65,112,8,8,0,0,2,10
CUERNAVACA,388,CONTIGUA 2,658,119,78,90,9,5,3,0,0,6
CUERNAVACA,388,CONTIGUA 3,658,125,70,86,10,12,5,0,5,10
CUERNAVACA,389,BASICA,666,275,44,55,10,10,2,0,0,11
CUERNAVACA,390,BASICA,408,66,61,65,9,4,2,0,0,5
CUERNAVACA,390,CONTIGUA 1,409,58,64,55,8,6,7,0,0,1
CUERNAVACA,612,BASICA,648,137,129,77,18,10,1,0,1,23
CUERNAVACA,612,CONTIGUA 1,649,133,95,108,12,8,3,0,0,14
CUERNAVACA,907,BASICA,451,96,48,83,13,5,2,0,2,6
EMILIANO ZAPATA,391,BASICA,703,81,193,93,8,3,6,0,0,15
EMILIANO ZAPATA,391,CONTIGUA 1,704,89,170,91,9,3,2,0,0,13
EMILIANO ZAPATA,391,CONTIGUA 2,704,87,202,97,9,6,3,0,0,14
EMILIANO ZAPATA,392,BASICA,690,86,152,73,2,3,0,0,5,11
EMILIANO ZAPATA,392,CONTIGUA 1,690,94,196,55,3,1,1,0,0,12
EMILIANO ZAPATA,393,BASICA,646,130,133,66,8,7,1,0,0,7
EMILIANO ZAPATA,393,CONTIGUA 1,646,140,120,71,7,6,4,0,0,5
EMILIANO ZAPATA,393,CONTIGUA 2,646,154,137,72,5,11,1,0,0,7
EMILIANO ZAPATA,394,BASICA,546,81,134,47,1,2,0,0,0,18
EMILIANO ZAPATA,394,CONTIGUA 1,546,57,167,59,2,1,1,0,1,14
EMILIANO ZAPATA,394,CONTIGUA 2,547,71,148,59,2,1,1,0,1,16
EMILIANO ZAPATA,395,BASICA,586,73,135,95,5,3,0,0,0,19
EMILIANO ZAPATA,395,CONTIGUA 1,586,70,125,88,7,4,0,0,12,12
EMILIANO ZAPATA,396,BASICA,693,92,225,80,6,2,0,0,0,14
EMILIANO ZAPATA,396,CONTIGUA 1,694,98,194,65,6,9,1,0,0,0
EMILIANO ZAPATA,396,CONTIGUA 2,694,83,202,90,6,5,0,0,0,16
EMILIANO ZAPATA,396,CONTIGUA 3,694,87,208,72,3,6,1,0,0,17
EMILIANO ZAPATA,397,BASICA,531,64,187,51,1,1,1,0,1,15
EMILIANO ZAPATA,397,CONTIGUA 1,531,64,179,36,2,2,2,0,0,6
EMILIANO ZAPATA,397,CONTIGUA 2,532,54,201,40,1,2,0,0,0,9
EMILIANO ZAPATA,398,BASICA,729,140,218,84,3,6,2,0,0,14
EMILIANO ZAPATA,398,CONTIGUA 1,729,125,206,114,2,5,2,0,1,11
EMILIANO ZAPATA,399,BASICA,599,99,169,64,3,2,0,0,1,8
EMILIANO ZAPATA,399,CONTIGUA 1,599,101,170,56,2,1,1,0,1,16
EMILIANO ZAPATA,399,CONTIGUA 2,599,110,159,64,3,2,2,0,0,13
EMILIANO ZAPATA,400,BASICA,581,123,207,45,2,2,0,0,0,9
EMILIANO ZAPATA,400,CONTIGUA 1,581,119,203,44,3,0,0,0,0,10
EMILIANO ZAPATA,400,CONTIGUA 2,581,112,196,32,1,5,0,0,0,10
EMILIANO ZAPATA,401,BASICA,622,78,251,47,2,1,1,0,1,13
EMILIANO ZAPATA,401,CONTIGUA 1,622,105,212,55,2,1,0,0,0,14
EMILIANO ZAPATA,402,BASICA,581,97,169,56,4,2,3,0,0,19
EMILIANO ZAPATA,402,CONTIGUA 1,581,109,190,46,0,4,1,0,0,0
EMILIANO ZAPATA,402,CONTIGUA 2,581,82,194,51,1,2,0,0,0,9
EMILIANO ZAPATA,402,CONTIGUA 3,582,114,155,55,8,3,0,0,0,17
EMILIANO ZAPATA,403,BASICA,562,143,118,39,2,4,1,0,0,12
EMILIANO ZAPATA,403,CONTIGUA 1,562,155,125,48,5,7,3,0,0,5
EMILIANO ZAPATA,403,CONTIGUA 2,562,112,123,52,4,5,1,0,0,7
EMILIANO ZAPATA,404,BASICA,522,136,105,76,11,14,1,0,1,4
EMILIANO ZAPATA,404,CONTIGUA 1,522,111,102,94,11,7,1,0,0,6
EMILIANO ZAPATA,404,CONTIGUA 2,522,109,102,74,15,24,0,0,0,7
EMILIANO ZAPATA,405,BASICA,508,99,113,75,6,7,4,0,1,7
EMILIANO ZAPATA,405,CONTIGUA 1,509,127,95,79,11,8,1,0,0,8
EMILIANO ZAPATA,406,BASICA,695,120,155,91,5,11,1,0,0,5
EMILIANO ZAPATA,406,CONTIGUA 1,695,115,129,100,7,7,1,0,3,8
EMILIANO ZAPATA,406,CONTIGUA 2,695,110,154,91,8,5,3,0,3,13
EMILIANO ZAPATA,406,CONTIGUA 3,695,125,131,90,6,6,3,0,0,13
EMILIANO ZAPATA,406,CONTIGUA 4,696,110,154,91,4,6,2,0,1,5
EMILIANO ZAPATA,406,CONTIGUA 5,696,112,122,105,7,6,4,0,1,16
EMILIANO ZAPATA,407,BASICA,618,94,138,110,3,17,0,0,0,10
EMILIANO ZAPATA,407,CONTIGUA 1,618,95,129,122,7,8,2,0,0,9
EMILIANO ZAPATA,407,CONTIGUA 2,619,108,119,109,6,8,1,0,0,7
EMILIANO ZAPATA,408,BASICA,699,149,159,64,2,3,1,0,0,13
EMILIANO ZAPATA,408,CONTIGUA 1,700,149,174,45,6,4,0,0,0,15
EMILIANO ZAPATA,409,BASICA,533,120,133,63,2,5,1,0,0,12
EMILIANO ZAPATA,409,CONTIGUA 1,533,134,143,54,5,8,1,0,0,8
EMILIANO ZAPATA,409,CONTIGUA 2,533,107,135,75,5,11,1,0,0,0
EMILIANO ZAPATA,410,BASICA,608,153,145,63,3,6,1,0,0,13
EMILIANO ZAPATA,410,CONTIGUA 1,609,137,175,61,6,5,0,0,0,17
EMILIANO ZAPATA,410,CONTIGUA 2,609,149,176,49,1,5,1,0,0,17
EMILIANO ZAPATA,411,BASICA,670,179,175,71,6,4,3,0,0,5
EMILIANO ZAPATA,411,CONTIGUA 1,670,176,143,65,8,5,3,0,1,8
EMILIANO ZAPATA,411,CONTIGUA 2,671,203,129,70,10,12,1,0,1,2
EMILIANO ZAPATA,411,CONTIGUA 3,671,177,140,63,4,4,2,0,0,15
HUITZILAC,412,BASICA,650,86,59,317,0,0,1,0,0,12
HUITZILAC,412,CONTIGUA 1,651,135,74,265,0,1,0,0,0,20
HUITZILAC,413,BASICA,576,76,61,282,0,0,0,0,0,15
HUITZILAC,413,CONTIGUA 1,576,89,62,254,0,0,0,0,0,10
HUITZILAC,414,BASICA,494,76,62,207,0,0,0,0,0,0
HUITZILAC,414,CONTIGUA 1,494,69,52,233,3,1,2,0,0,10
HUITZILAC,415,BASICA,121,15,12,62,0,0,0,0,0,3
HUITZILAC,416,BASICA,680,132,47,304,0,0,0,0,0,11
HUITZILAC,416,CONTIGUA 1,680,102,81,301,0,0,1,0,3,7
HUITZILAC,417,BASICA,537,108,48,255,0,0,0,0,0,11
HUITZILAC,417,CONTIGUA 1,538,71,54,237,2,2,1,0,0,0
HUITZILAC,417,CONTIGUA 2,538,118,75,190,0,0,2,0,0,13
HUITZILAC,418,BASICA,490,62,100,184,0,1,0,0,0,8
HUITZILAC,418,CONTIGUA 1,491,69,109,153,4,3,1,0,0,12
HUITZILAC,419,BASICA,561,103,152,123,5,6,3,0,0,35
HUITZILAC,419,CONTIGUA 1,562,117,117,144,6,5,3,0,1,40
HUITZILAC,420,BASICA,590,132,79,176,0,0,0,0,0,34
HUITZILAC,421,BASICA,452,81,74,129,3,2,3,0,0,14
HUITZILAC,422,BASICA,509,124,96,135,0,4,5,0,0,11
JANTETELCO,423,BASICA,557,73,215,36,0,30,0,0,0,12
JANTETELCO,423,CONTIGUA 1,558,62,214,30,1,23,1,0,1,11
JANTETELCO,424,BASICA,484,64,204,37,0,12,1,0,0,11
JANTETELCO,424,CONTIGUA 1,484,52,222,39,0,8,0,0,0,7
JANTETELCO,425,BASICA,533,68,156,26,0,59,0,0,0,12
JANTETELCO,425,CONTIGUA 1,534,76,186,36,0,22,1,0,0,10
JANTETELCO,426,BASICA,563,99,26,201,2,4,1,0,0,8
JANTETELCO,426,CONTIGUA 1,564,67,23,225,0,3,0,0,1,12
JANTETELCO,426,CONTIGUA 2,564,63,18,214,1,7,3,0,0,12
JANTETELCO,427,BASICA,617,100,38,238,0,5,0,0,1,13
JANTETELCO,427,CONTIGUA 1,617,68,34,242,2,7,0,0,1,20
JANTETELCO,428,BASICA,494,52,20,186,3,5,1,0,0,16
JANTETELCO,428,CONTIGUA 1,494,58,16,194,2,1,1,0,0,14
JANTETELCO,429,BASICA,509,254,17,45,0,16,0,0,0,10
JANTETELCO,429,CONTIGUA 1,510,183,21,88,1,4,0,0,0,14
JANTETELCO,429,CONTIGUA 2,510,202,11,103,0,4,0,0,0,10
JANTETELCO,430,BASICA,750,183,117,85,2,6,4,0,0,21
JANTETELCO,430,CONTIGUA 1,750,203,93,115,2,9,1,0,0,20
JIUTEPEC,431,BASICA,608,117,69,126,9,12,4,2,0,7
JIUTEPEC,431,CONTIGUA 1,609,93,56,182,7,14,3,0,7,0
JIUTEPEC,432,BASICA,611,102,101,115,11,13,6,112,1,9
JIUTEPEC,432,CONTIGUA 1,612,104,94,144,0,12,1,0,0,10
JIUTEPEC,433,BASICA,572,92,55,143,4,17,5,0,0,4
JIUTEPEC,433,CONTIGUA 1,572,115,42,152,5,6,4,1,0,0
JIUTEPEC,433,CONTIGUA 2,573,90,64,140,5,7,2,1,1,2
JIUTEPEC,434,BASICA,657,144,99,161,6,11,2,0,2,6
JIUTEPEC,434,CONTIGUA 1,657,166,85,164,4,7,2,0,3,5
JIUTEPEC,434,CONTIGUA 2,658,132,86,148,12,6,0,0,0,4
JIUTEPEC,435,BASICA,634,146,67,132,13,14,6,2,0,8
JIUTEPEC,435,CONTIGUA 1,634,122,90,134,0,7,5,0,0,10
JIUTEPEC,435,CONTIGUA 2,634,120,80,120,8,9,4,3,1,13
JIUTEPEC,436,BASICA,639,113,51,137,6,14,6,0,0,17
JIUTEPEC,436,CONTIGUA 1,640,106,109,126,11,14,3,2,0,4
JIUTEPEC,436,CONTIGUA 2,640,124,78,130,6,12,6,2,0,8
JIUTEPEC,436,CONTIGUA 3,640,135,60,142,9,12,1,0,0,7
JIUTEPEC,437,BASICA,690,137,88,160,5,9,6,0,1,6
JIUTEPEC,437,CONTIGUA 1,691,134,74,135,8,8,2,3,0,19
JIUTEPEC,437,CONTIGUA 2,691,112,87,164,5,11,5,4,1,4
JIUTEPEC,438,BASICA,677,124,63,168,18,9,8,0,0,14
JIUTEPEC,438,CONTIGUA 1,677,150,76,161,10,8,8,0,0,3
JIUTEPEC,438,CONTIGUA 2,678,157,78,165,9,9,11,0,0,10
JIUTEPEC,439,BASICA,575,127,73,130,0,10,1,0,0,6
JIUTEPEC,439,CONTIGUA 1,575,112,67,138,7,5,3,0,0,10
JIUTEPEC,439,CONTIGUA 2,575,117,71,105,7,11,4,0,0,4
JIUTEPEC,440,BASICA,485,135,67,127,7,7,3,1,0,1
JIUTEPEC,440,CONTIGUA 1,485,138,68,133,0,13,7,0,1,3
JIUTEPEC,441,BASICA,612,202,37,177,7,17,8,1,2,4
JIUTEPEC,441,CONTIGUA 1,612,197,49,150,12,29,7,1,0,3
JIUTEPEC,442,BASICA,424,122,40,107,7,11,4,0,0,5
JIUTEPEC,442,CONTIGUA 1,425,123,40,123,4,3,6,0,0,0
JIUTEPEC,443,BASICA,522,181,62,136,10,6,4,0,0,7
JIUTEPEC,443,CONTIGUA 1,522,174,39,130,8,9,5,0,0,4
JIUTEPEC,444,BASICA,733,203,55,196,8,15,3,0,0,11
JIUTEPEC,444,CONTIGUA 1,733,190,61,194,8,13,3,0,0,17
JIUTEPEC,445,BASICA,692,123,57,171,10,6,5,0,2,14
JIUTEPEC,445,CONTIGUA 1,693,132,58,167,13,15,4,0,1,7
JIUTEPEC,445,CONTIGUA 2,693,124,81,153,5,8,3,0,1,4
JIUTEPEC,446,BASICA,425,103,48,123,8,9,9,0,1,3
JIUTEPEC,446,CONTIGUA 1,425,112,42,103,4,7,1,0,0,2
JIUTEPEC,447,BASICA,434,123,41,121,12,15,4,1,0,2
JIUTEPEC,447,CONTIGUA 1,435,122,32,135,12,11,6,0,0,3
JIUTEPEC,448,BASICA,718,143,61,182,13,15,6,2,0,7
JIUTEPEC,448,CONTIGUA 1,719,186,63,145,11,14,6,74,1,12
JIUTEPEC,448,CONTIGUA 2,719,163,46,155,11,21,13,1,0,6
JIUTEPEC,449,BASICA,723,143,61,181,4,14,12,2,1,10
JIUTEPEC,449,CONTIGUA 1,723,138,46,174,4,18,8,0,2,5
JIUTEPEC,449,CONTIGUA 2,723,135,51,162,14,10,11,0,2,2
JIUTEPEC,449,CONTIGUA 3,724,163,63,169,8,18,5,0,0,4
JIUTEPEC,449,CONTIGUA 4,724,156,48,173,0,16,16,0,0,8
JIUTEPEC,450,BASICA,712,146,53,195,0,11,11,0,0,7
JIUTEPEC,450,CONTIGUA 1,713,186,48,208,0,12,11,0,1,3
JIUTEPEC,450,CONTIGUA 2,713,162,55,170,6,11,8,0,0,0
JIUTEPEC,451,BASICA,572,179,37,159,7,3,4,1,2,2
JIUTEPEC,451,CONTIGUA 1,573,175,53,158,0,10,3,0,0,8
JIUTEPEC,452,BASICA,590,207,54,159,11,15,4,0,2,1
JIUTEPEC,452,CONTIGUA 1,590,190,60,148,9,11,5,0,1,1
JIUTEPEC,453,BASICA,664,152,61,162,9,11,4,0,1,9
JIUTEPEC,453,CONTIGUA 1,665,157,53,145,0,9,9,0,0,9
JIUTEPEC,453,CONTIGUA 2,665,164,54,151,0,5,6,0,1,6
JIUTEPEC,453,CONTIGUA 3,665,151,55,129,4,9,3,0,0,8
JIUTEPEC,454,BASICA,647,130,46,145,10,4,4,2,1,7
JIUTEPEC,454,CONTIGUA 1,648,108,59,162,4,8,4,3,0,12
JIUTEPEC,454,CONTIGUA 2,648,93,58,158,1,9,2,3,1,10
JIUTEPEC,454,CONTIGUA 3,648,111,51,177,0,10,4,51,0,7
JIUTEPEC,455,BASICA,637,88,78,131,6,4,3,0,0,11
JIUTEPEC,455,CONTIGUA 1,637,78,92,159,10,9,6,8,0,10
JIUTEPEC,455,CONTIGUA 2,637,81,95,127,4,7,1,0,4,4
JIUTEPEC,455,CONTIGUA 3,637,90,79,142,7,7,3,1,1,2
JIUTEPEC,455,CONTIGUA 4,638,97,60,143,3,6,7,2,0,9
JIUTEPEC,455,CONTIGUA 5,638,84,84,130,0,9,2,0,0,7
JIUTEPEC,456,BASICA,637,107,63,186,0,8,4,0,2,20
JIUTEPEC,456,CONTIGUA 1,637,108,50,176,4,5,2,0,1,10
JIUTEPEC,456,CONTIGUA 2,637,88,50,174,0,4,3,0,0,12
JIUTEPEC,457,BASICA,717,123,34,247,0,7,3,0,0,9
JIUTEPEC,457,CONTIGUA 1,717,104,37,246,0,4,1,7,0,6
JIUTEPEC,457,CONTIGUA 2,718,107,40,235,1,6,4,0,1,6
JIUTEPEC,458,BASICA,507,51,32,165,1,5,0,0,0,16
JIUTEPEC,458,CONTIGUA 1,508,52,29,184,3,5,3,0,0,10
JIUTEPEC,458,CONTIGUA 2,508,80,32,169,6,6,1,0,0,6
JIUTEPEC,459,BASICA,667,95,59,213,6,4,0,1,0,6
JIUTEPEC,459,CONTIGUA 1,667,86,90,194,7,8,2,0,0,3
JIUTEPEC,460,BASICA,410,106,47,103,3,8,2,0,0,2
JIUTEPEC,460,CONTIGUA 1,410,105,33,92,7,4,2,0,1,0
JIUTEPEC,461,BASICA,489,144,49,86,10,19,7,0,3,6
JIUTEPEC,461,CONTIGUA 1,490,116,44,106,3,7,3,1,0,7
JIUTEPEC,462,BASICA,514,128,31,155,7,7,5,0,0,2
JIUTEPEC,462,CONTIGUA 1,514,124,45,119,6,6,2,0,0,4
JIUTEPEC,463,BASICA,669,111,34,234,4,10,3,0,0,2
JIUTEPEC,463,CONTIGUA 1,670,94,43,228,3,1,2,0,0,6
JIUTEPEC,464,BASICA,636,130,27,210,5,9,2,1,0,11
JIUTEPEC,464,CONTIGUA 1,636,139,37,212,0,9,4,0,0,6
JIUTEPEC,464,CONTIGUA 2,637,129,30,223,5,18,7,0,0,8
JIUTEPEC,464,CONTIGUA 3,637,130,34,215,0,13,4,0,0,4
JIUTEPEC,465,BASICA,650,86,51,185,2,8,7,3,0,6
JIUTEPEC,465,CONTIGUA 1,650,110,69,172,6,8,4,3,0,8
JIUTEPEC,465,CONTIGUA 2,650,110,50,167,6,5,1,2,0,8
JIUTEPEC,465,CONTIGUA 3,651,89,46,200,7,4,1,0,0,9
JIUTEPEC,465,CONTIGUA 4,651,101,52,197,6,3,2,0,0,3
JIUTEPEC,465,GEOGRAFICA 1,591,147,32,154,4,8,3,0,0,5
JIUTEPEC,465,GEOGRAFICA 2,591,133,54,172,5,11,6,2,0,10
JIUTEPEC,465,GEOGRAFICA 3,591,147,41,164,8,10,4,0,0,5
JIUTEPEC,466,BASICA,402,107,25,119,5,7,4,2,0,2
JIUTEPEC,466,CONTIGUA 1,402,85,33,107,4,11,6,1,0,3
JIUTEPEC,467,BASICA,540,108,30,154,7,10,4,0,0,11
JIUTEPEC,467,CONTIGUA 1,540,115,37,171,3,12,5,0,0,8
JIUTEPEC,468,BASICA,639,169,43,161,9,10,5,0,3,2
JIUTEPEC,468,CONTIGUA 1,639,162,42,154,6,6,3,0,1,5
JIUTEPEC,468,CONTIGUA 2,640,202,37,138,10,9,5,0,1,1
JIUTEPEC,468,CONTIGUA 3,640,177,49,151,7,6,4,0,0,1
JIUTEPEC,469,BASICA,698,157,47,183,1,6,2,0,0,7
JIUTEPEC,469,CONTIGUA 1,698,142,62,157,0,8,0,0,2,9
JIUTEPEC,469,CONTIGUA 2,699,129,40,183,10,12,1,0,0,7
JIUTEPEC,470,BASICA,613,102,74,160,8,9,9,0,0,6
JIUTEPEC,470,CONTIGUA 1,613,112,56,148,3,9,6,0,0,8
JIUTEPEC,470,CONTIGUA 2,613,74,84,175,2,6,0,0,0,8
JIUTEPEC,471,BASICA,707,122,71,183,8,21,3,0,0,16
JIUTEPEC,471,CONTIGUA 1,708,128,89,128,9,18,5,0,0,16
JIUTEPEC,471,CONTIGUA 2,708,141,87,163,9,7,4,0,2,8
JIUTEPEC,472,BASICA,630,114,90,142,6,13,4,0,0,16
JIUTEPEC,472,CONTIGUA 1,631,100,96,131,7,8,4,1,1,9
JIUTEPEC,472,CONTIGUA 2,631,106,107,136,6,15,4,1,0,8
JIUTEPEC,472,CONTIGUA 3,631,110,78,125,11,18,5,1,0,8
JIUTEPEC,473,BASICA,615,172,42,133,6,9,4,0,0,4
JIUTEPEC,473,CONTIGUA 1,616,200,39,126,5,14,8,0,3,3
JIUTEPEC,474,BASICA,646,153,60,187,10,9,26,0,0,7
JIUTEPEC,474,CONTIGUA 1,646,154,53,191,5,9,19,2,0,8
JIUTEPEC,475,BASICA,487,125,40,122,5,2,1,0,0,3
JIUTEPEC,475,CONTIGUA 1,487,113,38,111,6,8,6,0,0,2
JIUTEPEC,476,BASICA,585,152,36,148,2,9,6,1,2,2
JIUTEPEC,476,CONTIGUA 1,585,164,23,140,6,8,4,0,0,6
JIUTEPEC,477,BASICA,582,149,25,134,10,9,2,0,1,3
JIUTEPEC,477,CONTIGUA 1,582,145,37,142,7,10,1,0,1,7
JIUTEPEC,477,CONTIGUA 2,583,132,28,187,3,8,0,0,0,5
JIUTEPEC,477,CONTIGUA 3,583,139,35,142,6,14,2,0,3,3
JIUTEPEC,477,GEOGRAFICA 1,657,192,29,158,5,15,9,0,1,2
JIUTEPEC,477,GEOGRAFICA 2,658,178,35,181,5,11,6,0,0,2
JIUTEPEC,477,GEOGRAFICA 3,658,163,38,191,2,10,4,0,1,4
JIUTEPEC,478,BASICA,510,152,52,107,2,10,2,1,0,3
JIUTEPEC,478,CONTIGUA 1,511,120,41,108,5,11,6,73,0,3
JIUTEPEC,479,BASICA,571,107,71,136,0,11,5,0,1,7
JIUTEPEC,479,CONTIGUA 1,572,126,39,143,6,8,2,1,0,1
JIUTEPEC,480,BASICA,421,103,42,86,4,9,1,0,2,5
JIUTEPEC,480,CONTIGUA 1,422,108,30,98,6,10,3,0,0,6
JIUTEPEC,481,BASICA,709,162,48,203,1,8,4,0,0,11
JIUTEPEC,481,CONTIGUA 1,710,159,42,227,2,9,3,1,2,13
JIUTEPEC,481,CONTIGUA 2,710,147,41,210,4,14,5,0,0,10
JIUTEPEC,481,CONTIGUA 3,710,162,55,230,8,11,3,0,0,8
JIUTEPEC,482,BASICA,526,105,30,205,4,2,2,1,0,7
JIUTEPEC,482,CONTIGUA 1,526,124,29,186,1,9,4,1,0,3
JIUTEPEC,482,CONTIGUA 2,527,131,38,203,0,9,6,0,0,8
JIUTEPEC,483,BASICA,575,124,42,172,1,6,8,1,3,5
JIUTEPEC,483,CONTIGUA 1,575,157,29,153,0,6,10,0,2,6
JIUTEPEC,483,CONTIGUA 2,575,142,30,162,3,5,5,1,1,3
JIUTEPEC,483,CONTIGUA 3,576,128,43,199,6,4,10,0,2,4
JIUTEPEC,484,BASICA,662,133,43,223,0,13,6,0,1,10
JIUTEPEC,484,CONTIGUA 1,662,120,37,229,2,11,4,0,0,10
JIUTEPEC,484,CONTIGUA 2,662,139,51,216,0,6,2,0,0,13
JIUTEPEC,484,CONTIGUA 3,662,131,58,198,0,11,3,0,0,7
JIUTEPEC,485,BASICA,621,70,61,203,3,4,0,0,2,0
JIUTEPEC,485,CONTIGUA 1,621,94,59,165,3,3,0,0,0,8
JIUTEPEC,485,CONTIGUA 2,621,94,55,160,7,3,3,0,0,11
JIUTEPEC,485,CONTIGUA 3,621,92,86,160,6,10,4,0,0,10
JIUTEPEC,486,BASICA,642,126,71,148,6,7,3,0,0,4
JIUTEPEC,486,CONTIGUA 1,643,95,48,162,6,9,5,1,0,10
JIUTEPEC,486,CONTIGUA 2,643,103,62,154,5,11,8,0,0,8
JIUTEPEC,486,GEOGRAFICA 1,637,131,48,183,0,6,5,0,0,10
JIUTEPEC,486,GEOGRAFICA 2,638,122,35,211,6,12,6,0,2,10
JIUTEPEC,486,GEOGRAFICA 3,638,122,36,178,6,12,2,0,0,6
JIUTEPEC,486,GEOGRAFICA 4,638,144,25,181,13,18,4,1,2,7
JIUTEPEC,487,BASICA,605,98,78,157,0,13,3,0,0,11
JIUTEPEC,487,CONTIGUA 1,605,65,66,160,3,14,1,1,1,17
JIUTEPEC,487,CONTIGUA 2,605,89,84,147,0,13,1,0,3,13
JIUTEPEC,487,CONTIGUA 3,605,95,75,145,4,17,6,2,3,10
JIUTEPEC,487,CONTIGUA 4,606,108,69,167,4,12,0,2,4,11
JIUTEPEC,488,BASICA,607,91,35,181,5,5,2,0,1,9
JIUTEPEC,488,CONTIGUA 1,607,120,34,165,6,16,2,0,1,1
JIUTEPEC,488,CONTIGUA 2,607,121,45,161,4,3,7,0,1,1
JIUTEPEC,488,CONTIGUA 3,607,112,45,207,4,4,2,1,1,5
JIUTEPEC,488,CONTIGUA 4,608,139,33,186,5,7,0,0,0,5
JIUTEPEC,489,BASICA,661,122,50,130,6,6,6,0,0,20
JIUTEPEC,489,CONTIGUA 1,661,110,74,132,6,8,2,0,0,12
JIUTEPEC,489,CONTIGUA 2,662,105,69,147,7,11,0,1,3,7
JIUTEPEC,489,CONTIGUA 3,662,114,80,136,0,7,1,0,0,14
JIUTEPEC,490,BASICA,468,94,41,106,2,7,4,1,1,2
JIUTEPEC,490,CONTIGUA 1,469,96,44,95,4,6,0,0,0,10
JIUTEPEC,491,BASICA,484,84,69,101,0,8,1,0,3,8
JIUTEPEC,491,CONTIGUA 1,484,102,43,85,5,9,0,0,0,11
JIUTEPEC,492,BASICA,510,114,53,90,5,13,3,0,0,10
JIUTEPEC,492,CONTIGUA 1,511,95,41,84,5,10,2,1,0,4
JIUTEPEC,493,BASICA,729,143,52,155,4,18,2,1,0,14
JIUTEPEC,493,CONTIGUA 1,729,128,51,171,7,32,4,2,2,12
JIUTEPEC,494,BASICA,465,105,44,95,3,7,3,0,0,5
JIUTEPEC,494,CONTIGUA 1,466,102,41,97,2,3,3,0,1,7
JIUTEPEC,495,BASICA,748,131,67,161,8,11,2,3,0,15
JIUTEPEC,495,CONTIGUA 1,749,131,69,181,8,12,0,2,3,12
JIUTEPEC,496,BASICA,576,124,58,172,2,2,2,0,3,8
JIUTEPEC,496,CONTIGUA 1,577,92,58,178,0,4,3,2,1,9
JIUTEPEC,496,CONTIGUA 2,577,99,36,184,7,6,5,0,4,7
JIUTEPEC,497,BASICA,684,92,71,166,4,8,0,1,1,8
JIUTEPEC,497,CONTIGUA 1,684,109,88,161,1,4,2,0,3,3
JIUTEPEC,497,CONTIGUA 2,684,66,66,156,66,7,1,0,0,5
JIUTEPEC,497,CONTIGUA 3,684,97,74,154,2,4,6,0,2,10
JIUTEPEC,498,BASICA,542,98,36,113,7,5,4,1,0,8
JIUTEPEC,498,CONTIGUA 1,543,113,41,113,0,8,6,0,0,5
JIUTEPEC,498,CONTIGUA 2,543,78,48,129,0,9,1,0,0,4
JIUTEPEC,499,BASICA,690,96,85,181,7,10,4,93,0,10
JIUTEPEC,499,CONTIGUA 1,690,109,74,159,3,4,4,1,0,15
JIUTEPEC,500,BASICA,656,192,61,163,6,17,2,0,0,6
JOJUTLA,501,BASICA,537,28,108,110,5,53,1,0,0,8
JOJUTLA,501,CONTIGUA 1,537,28,78,133,9,63,2,0,0,11
JOJUTLA,501,CONTIGUA 2,538,48,59,123,8,86,1,0,0,8
JOJUTLA,502,BASICA,464,45,73,129,7,53,1,0,0,8
JOJUTLA,502,CONTIGUA 1,464,23,66,132,6,57,0,0,0,6
JOJUTLA,503,BASICA,490,31,88,106,11,57,1,0,0,7
JOJUTLA,504,BASICA,648,49,84,154,10,62,1,0,0,12
JOJUTLA,504,CONTIGUA 1,648,42,83,170,10,54,1,0,0,11
JOJUTLA,504,CONTIGUA 2,648,30,101,140,11,61,3,0,1,6
JOJUTLA,505,BASICA,534,34,91,102,10,38,0,0,0,11
JOJUTLA,505,CONTIGUA 1,534,44,80,112,6,34,1,0,0,12
JOJUTLA,505,CONTIGUA 2,534,30,86,104,16,53,1,0,1,2
JOJUTLA,506,BASICA,725,62,88,173,45,60,2,0,0,11
JOJUTLA,507,BASICA,419,44,31,139,11,65,1,0,0,5
JOJUTLA,507,CONTIGUA 1,420,35,39,136,12,70,2,0,1,3
JOJUTLA,508,BASICA,740,60,95,183,29,87,0,0,0,8
JOJUTLA,509,BASICA,149,14,24,46,0,13,0,0,0,2
JOJUTLA,510,BASICA,455,37,51,117,9,51,0,0,0,5
JOJUTLA,510,CONTIGUA 1,455,27,50,138,7,51,1,0,0,6
JOJUTLA,511,BASICA,668,58,86,121,22,103,1,0,3,7
JOJUTLA,511,CONTIGUA 1,668,54,90,137,23,111,0,0,0,9
JOJUTLA,512,BASICA,463,28,61,95,14,50,0,0,1,7
JOJUTLA,512,CONTIGUA 1,463,35,70,108,4,39,0,0,4,4
JOJUTLA,513,BASICA,664,53,67,158,17,65,2,0,0,12
JOJUTLA,513,CONTIGUA 1,664,47,74,135,12,69,1,0,1,13
JOJUTLA,514,BASICA,452,25,55,119,8,55,0,0,0,8
JOJUTLA,514,CONTIGUA 1,453,25,56,112,8,59,1,0,1,2
JOJUTLA,515,BASICA,406,45,51,84,10,60,1,0,0,5
JOJUTLA,515,CONTIGUA 1,406,35,41,83,8,52,1,0,0,9
JOJUTLA,516,BASICA,624,30,96,165,14,56,1,0,0,5
JOJUTLA,516,CONTIGUA 1,624,52,70,167,10,47,3,0,0,13
JOJUTLA,516,CONTIGUA 2,625,32,114,159,8,47,1,0,0,5
JOJUTLA,517,BASICA,309,21,46,79,2,32,1,0,0,7
JOJUTLA,518,BASICA,534,61,81,79,13,45,3,0,0,7
JOJUTLA,518,CONTIGUA 1,534,61,93,93,13,34,1,0,0,10
JOJUTLA,519,BASICA,611,86,96,84,11,53,2,0,1,7
JOJUTLA,519,CONTIGUA 1,611,78,111,108,3,48,1,0,3,12
JOJUTLA,520,BASICA,470,52,77,108,6,27,3,0,0,14
JOJUTLA,520,CONTIGUA 1,471,53,58,109,3,18,0,0,0,12
JOJUTLA,521,BASICA,357,30,46,74,7,36,1,0,0,10
JOJUTLA,521,GEOGRAFICA 1,392,60,45,63,11,31,0,0,0,11
JOJUTLA,521,GEOGRAFICA 2,392,39,44,73,0,32,2,0,0,4
JOJUTLA,522,BASICA,390,51,52,107,9,39,1,0,0,7
JOJUTLA,522,CONTIGUA 1,391,43,48,103,17,41,1,0,0,5
JOJUTLA,523,BASICA,418,83,56,86,10,43,0,0,1,3
JOJUTLA,523,CONTIGUA 1,418,82,43,80,8,37,0,0,0,7
JOJUTLA,524,BASICA,484,64,61,111,5,48,2,0,0,9
JOJUTLA,524,CONTIGUA 1,485,37,52,118,11,54,2,0,0,4
JOJUTLA,525,BASICA,592,26,58,124,6,59,0,0,0,15
JOJUTLA,525,CONTIGUA 1,593,22,47,138,5,49,1,0,0,5
JOJUTLA,525,CONTIGUA 2,593,35,54,161,0,32,3,0,1,5
JOJUTLA,525,CONTIGUA 3,593,31,76,143,2,46,0,0,0,7
JOJUTLA,526,BASICA,532,29,90,74,10,65,1,0,1,6
JOJUTLA,526,CONTIGUA 1,532,54,65,86,5,72,1,0,0,8
JOJUTLA,526,CONTIGUA 2,533,46,68,105,13,63,2,0,0,6
JOJUTLA,527,BASICA,447,34,55,78,8,31,0,0,1,7
JOJUTLA,527,CONTIGUA 1,447,30,65,67,5,36,0,0,0,6
JOJUTLA,528,BASICA,610,35,53,98,11,55,4,0,0,8
JOJUTLA,528,CONTIGUA 1,611,34,55,111,16,50,1,0,0,16
JOJUTLA,529,BASICA,578,34,58,83,9,57,1,0,3,8
JOJUTLA,529,CONTIGUA 1,578,26,49,83,8,53,1,0,2,14
JOJUTLA,529,CONTIGUA 2,579,30,64,65,10,59,3,0,0,17
JOJUTLA,530,BASICA,660,22,97,122,14,51,1,0,1,9
JOJUTLA,530,CONTIGUA 1,660,39,92,141,9,39,1,0,0,19
JOJUTLA,530,CONTIGUA 2,661,44,83,144,12,33,1,0,1,13
JOJUTLA,531,BASICA,525,7,64,93,15,59,2,0,0,11
JOJUTLA,531,CONTIGUA 1,526,24,79,93,9,55,4,0,1,8
JOJUTLA,531,CONTIGUA 2,526,20,83,83,13,29,1,0,1,15
JOJUTLA,532,BASICA,370,25,61,38,5,42,1,0,1,3
JOJUTLA,532,GEOGRAFICA 1,527,25,110,76,4,32,1,0,0,11
JOJUTLA,533,BASICA,543,64,76,68,7,25,3,0,2,7
JOJUTLA,533,CONTIGUA 1,543,73,71,53,5,40,2,0,0,19
JOJUTLA,533,CONTIGUA 2,543,75,73,52,3,28,1,0,0,9
JOJUTLA,534,BASICA,521,92,84,69,7,47,2,0,1,6
JOJUTLA,534,CONTIGUA 1,521,81,73,88,4,28,2,0,0,8
JOJUTLA,534,CONTIGUA 2,521,93,103,60,6,29,0,0,0,7
JOJUTLA,535,BASICA,558,81,107,74,1,24,2,0,0,10
JOJUTLA,535,CONTIGUA 1,558,78,87,77,5,27,0,0,0,10
JOJUTLA,535,CONTIGUA 2,558,89,81,67,4,29,3,0,1,10
JOJUTLA,536,BASICA,388,59,70,30,5,11,0,0,2,11
JOJUTLA,536,CONTIGUA 1,389,65,67,27,3,21,1,0,0,19
JONACATEPEC,537,BASICA,393,35,54,36,67,22,39,0,0,9
JONACATEPEC,537,CONTIGUA 1,393,26,66,38,40,10,37,0,0,9
JONACATEPEC,538,BASICA,648,16,114,75,104,26,62,0,3,13
JONACATEPEC,538,CONTIGUA 1,649,24,120,92,80,33,65,0,2,9
JONACATEPEC,539,BASICA,444,31,124,32,53,29,36,0,3,10
JONACATEPEC,539,CONTIGUA 1,445,26,108,33,56,26,50,0,0,10
JONACATEPEC,540,BASICA,571,33,104,66,80,27,81,0,0,8
JONACATEPEC,540,CONTIGUA 1,572,39,125,41,79,18,71,0,1,15
JONACATEPEC,541,BASICA,464,16,78,44,65,52,40,0,0,9
JONACATEPEC,541,CONTIGUA 1,465,15,102,43,53,40,49,0,3,7
JONACATEPEC,542,BASICA,474,14,103,57,84,34,48,0,0,11
JONACATEPEC,542,CONTIGUA 1,474,19,79,65,69,37,60,0,1,9
JONACATEPEC,543,BASICA,381,16,118,21,35,21,42,0,0,16
JONACATEPEC,544,BASICA,698,36,97,65,92,17,67,0,1,30
JONACATEPEC,544,CONTIGUA 1,698,39,95,57,96,9,72,0,3,26
JONACATEPEC,545,BASICA,376,35,19,32,50,7,82,0,0,9
JONACATEPEC,545,CONTIGUA 1,376,39,25,30,56,20,41,0,1,18
JONACATEPEC,546,BASICA,679,65,50,41,97,38,84,0,0,17
JONACATEPEC,547,BASICA,460,68,25,26,47,17,53,0,0,22
JONACATEPEC,547,CONTIGUA 1,460,56,39,26,51,25,79,0,0,10
MAZATEPEC,548,BASICA,568,58,58,102,3,164,1,0,2,12
MAZATEPEC,548,CONTIGUA 1,568,80,64,86,0,146,0,0,0,15
MAZATEPEC,549,BASICA,605,110,30,84,0,198,0,0,0,11
MAZATEPEC,549,CONTIGUA 1,605,135,20,93,1,161,0,0,1,8
MAZATEPEC,550,BASICA,408,53,34,73,0,110,1,0,1,8
MAZATEPEC,550,CONTIGUA 1,409,68,23,91,0,86,0,0,0,10
MAZATEPEC,551,BASICA,505,26,32,70,0,148,0,0,0,15
MAZATEPEC,551,CONTIGUA 1,506,47,49,63,0,133,2,0,0,23
MAZATEPEC,552,BASICA,471,45,46,56,2,150,0,0,0,15
MAZATEPEC,552,GEOGRAFICA 1,373,33,93,32,1,78,2,0,0,11
MAZATEPEC,553,BASICA,401,30,40,103,0,58,0,0,0,6
MAZATEPEC,553,CONTIGUA 1,401,28,43,113,0,57,0,0,0,18
MAZATEPEC,554,BASICA,466,45,35,121,2,60,0,0,0,10
MAZATEPEC,554,CONTIGUA 1,467,68,46,126,0,49,3,0,0,9
MIACATLAN,555,BASICA,566,13,112,257,0,0,0,0,0,3
MIACATLAN,555,CONTIGUA 1,567,13,123,226,0,0,0,0,0,7
MIACATLAN,555,GEOGRAFICA 1,230,4,47,71,0,0,0,0,0,8
MIACATLAN,556,BASICA,571,15,84,242,1,1,0,0,0,14
MIACATLAN,556,CONTIGUA 1,571,25,86,238,2,1,1,0,0,11
MIACATLAN,557,BASICA,522,15,129,199,0,0,0,0,0,10
MIACATLAN,557,CONTIGUA 1,522,17,161,148,0,0,0,0,0,15
MIACATLAN,557,CONTIGUA 2,523,10,173,162,1,0,0,0,0,5
MIACATLAN,558,BASICA,681,5,117,318,0,0,0,0,0,15
MIACATLAN,558,CONTIGUA 1,681,3,140,252,0,0,0,0,0,18
MIACATLAN,559,BASICA,647,4,105,275,0,0,0,0,0,5
MIACATLAN,560,BASICA,615,8,100,261,1,1,1,0,1,9
MIACATLAN,560,CONTIGUA 1,615,10,116,240,2,1,0,0,0,9
MIACATLAN,560,CONTIGUA 2,615,11,148,200,0,1,1,0,0,11
MIACATLAN,561,BASICA,419,16,121,143,0,1,0,0,0,11
MIACATLAN,561,CONTIGUA 1,419,26,85,169,3,0,1,0,0,13
MIACATLAN,561,GEOGRAFICA 1,120,15,24,53,0,0,0,0,0,0
MIACATLAN,562,BASICA,500,19,114,189,0,0,0,0,0,6
MIACATLAN,562,CONTIGUA 1,501,16,109,186,2,0,1,0,0,10
MIACATLAN,563,BASICA,402,17,81,130,0,0,0,0,0,8
MIACATLAN,563,CONTIGUA 1,402,29,82,143,1,1,0,0,0,5
MIACATLAN,564,BASICA,544,29,86,148,0,0,0,0,0,24
MIACATLAN,564,CONTIGUA 1,544,35,89,177,0,0,0,0,0,18
MIACATLAN,564,CONTIGUA 2,544,30,103,157,0,0,0,0,0,10
MIACATLAN,565,BASICA,637,26,115,150,4,1,1,0,3,19
MIACATLAN,565,CONTIGUA 1,637,31,134,145,1,2,0,0,2,10
MIACATLAN,565,CONTIGUA 2,638,18,123,173,1,0,2,0,0,13
MIACATLAN,566,BASICA,443,14,127,111,1,1,0,0,0,11
MIACATLAN,567,BASICA,523,31,103,152,2,1,0,0,0,11
MIACATLAN,567,CONTIGUA 1,524,22,107,171,2,0,0,0,1,10
MIACATLAN,568,BASICA,662,21,193,130,0,0,0,0,0,21
MIACATLAN,568,CONTIGUA 1,662,12,162,158,0,0,0,0,0,19
OCUITUCO,569,BASICA,534,195,92,62,2,1,18,0,1,13
OCUITUCO,569,CONTIGUA 1,534,198,109,55,1,0,12,0,2,12
OCUITUCO,569,CONTIGUA 2,534,206,109,53,1,2,14,0,0,0
OCUITUCO,570,BASICA,380,130,72,52,0,0,15,0,0,7
OCUITUCO,570,CONTIGUA 1,380,129,57,60,2,2,7,0,0,9
OCUITUCO,571,BASICA,396,155,57,50,0,0,10,0,0,4
OCUITUCO,571,CONTIGUA 1,397,157,66,39,3,1,13,0,0,4
OCUITUCO,572,BASICA,506,126,35,69,2,1,90,0,0,5
OCUITUCO,572,CONTIGUA 1,506,132,64,65,3,0,54,0,0,14
OCUITUCO,573,BASICA,395,82,28,40,1,3,36,0,2,11
OCUITUCO,573,CONTIGUA 1,396,74,36,53,3,2,55,0,0,12
OCUITUCO,574,BASICA,632,139,44,137,2,6,133,0,1,15
OCUITUCO,575,BASICA,509,49,10,23,2,3,173,0,1,18
OCUITUCO,575,CONTIGUA 1,510,46,12,37,2,2,177,0,1,16
OCUITUCO,575,CONTIGUA 2,510,66,7,34,0,0,186,0,0,18
OCUITUCO,576,BASICA,652,90,29,56,2,9,152,0,3,17
OCUITUCO,576,CONTIGUA 1,652,85,17,24,2,0,196,0,2,20
OCUITUCO,577,BASICA,564,109,66,154,8,2,69,0,0,5
OCUITUCO,578,BASICA,679,90,32,246,5,0,19,0,0,5
OCUITUCO,578,CONTIGUA 1,680,114,29,271,3,3,19,0,0,14
PUENTE DE IXTLA,579,BASICA,543,71,56,117,2,30,8,0,,
PUENTE DE IXTLA,579,CONTIGUA 1,544,58,52,111,3,48,8,0,0,21
PUENTE DE IXTLA,580,BASICA,594,61,34,107,0,68,16,0,,
PUENTE DE IXTLA,580,CONTIGUA 1,594,67,47,103,6,85,16,,0,11
PUENTE DE IXTLA,580,CONTIGUA 2,595,79,50,110,4,76,13,0,0,13
PUENTE DE IXTLA,581,BASICA,546,75,33,104,2,62,9,0,0,21
PUENTE DE IXTLA,581,CONTIGUA 1,546,79,55,106,1,50,16,1,0,7
PUENTE DE IXTLA,582,BASICA,497,51,61,127,0,49,12,1,,
PUENTE DE IXTLA,582,CONTIGUA 1,498,72,54,133,0,56,8,3,,
PUENTE DE IXTLA,583,BASICA,581,111,52,129,0,56,12,1,0,7
PUENTE DE IXTLA,583,CONTIGUA 1,582,128,52,100,2,77,12,1,1,4
PUENTE DE IXTLA,584,BASICA,587,108,49,102,5,80,5,0,0,13
PUENTE DE IXTLA,584,CONTIGUA 1,587,101,57,101,1,95,5,0,0,8
PUENTE DE IXTLA,585,BASICA,748,102,92,121,0,84,7,0,0,6
PUENTE DE IXTLA,585,CONTIGUA 1,748,85,110,131,3,96,11,0,,
PUENTE DE IXTLA,586,BASICA,710,81,109,117,5,72,7,1,2,11
PUENTE DE IXTLA,586,CONTIGUA 1,711,103,111,96,7,80,3,2,0,17
PUENTE DE IXTLA,587,BASICA,585,114,81,83,2,55,9,2,2,14
PUENTE DE IXTLA,587,CONTIGUA 1,586,114,60,91,1,67,9,1,1,8
PUENTE DE IXTLA,588,BASICA,406,68,57,91,1,46,5,1,0,3
PUENTE DE IXTLA,588,CONTIGUA 1,407,66,55,78,1,50,8,0,0,3
PUENTE DE IXTLA,589,BASICA,394,38,43,85,2,71,13,0,0,8
PUENTE DE IXTLA,589,CONTIGUA 1,395,32,46,103,1,54,10,0,1,6
PUENTE DE IXTLA,590,BASICA,560,42,70,144,1,73,7,1,0,9
PUENTE DE IXTLA,590,CONTIGUA 1,561,35,78,151,0,64,3,1,0,9
PUENTE DE IXTLA,591,BASICA,555,48,60,155,2,76,7,0,,
PUENTE DE IXTLA,591,CONTIGUA 1,556,86,55,122,2,93,6,0,0,9
PUENTE DE IXTLA,592,BASICA,699,105,84,110,7,73,5,0,,
PUENTE DE IXTLA,592,CONTIGUA 1,700,92,83,110,2,84,10,0,,
PUENTE DE IXTLA,593,BASICA,436,112,47,75,6,36,4,2,1,7
PUENTE DE IXTLA,593,CONTIGUA 1,436,65,58,105,1,42,5,0,0,11
PUENTE DE IXTLA,594,BASICA,679,109,58,75,6,80,9,2,0,8
PUENTE DE IXTLA,594,CONTIGUA 1,680,104,65,51,9,68,5,0,,
PUENTE DE IXTLA,595,BASICA,656,69,89,74,4,73,16,1,1,12
PUENTE DE IXTLA,595,CONTIGUA 1,656,60,86,97,9,71,7,3,0,12
PUENTE DE IXTLA,595,CONTIGUA 2,656,82,74,84,9,87,6,0,0,16
PUENTE DE IXTLA,596,BASICA,743,63,101,74,5,94,16,1,,
PUENTE DE IXTLA,596,CONTIGUA 1,743,54,127,80,12,94,17,2,0,19
PUENTE DE IXTLA,596,CONTIGUA 2,744,56,101,80,12,82,18,4,0,19
PUENTE DE IXTLA,597,BASICA,588,64,68,48,13,84,17,2,0,8
PUENTE DE IXTLA,597,CONTIGUA 1,588,64,59,76,10,77,12,2,3,8
PUENTE DE IXTLA,597,CONTIGUA 2,589,80,56,65,7,67,10,1,0,8
PUENTE DE IXTLA,598,BASICA,613,67,67,80,7,102,8,1,0,4
PUENTE DE IXTLA,598,CONTIGUA 1,613,55,71,75,21,91,10,0,3,14
PUENTE DE IXTLA,598,CONTIGUA 2,613,78,72,68,3,75,8,0,0,14
PUENTE DE IXTLA,598,CONTIGUA 3,613,62,71,88,4,59,9,0,1,13
PUENTE DE IXTLA,599,BASICA,669,70,52,75,19,96,9,1,0,15
PUENTE DE IXTLA,599,CONTIGUA 1,670,77,68,92,8,92,10,0,0,11
PUENTE DE IXTLA,599,CONTIGUA 2,670,73,57,100,10,74,11,0,,
PUENTE DE IXTLA,600,BASICA,712,81,73,46,11,94,5,2,1,16
PUENTE DE IXTLA,600,CONTIGUA 1,712,85,98,79,8,121,8,2,0,13
PUENTE DE IXTLA,601,BASICA,533,94,76,51,5,63,5,0,0,9
PUENTE DE IXTLA,601,CONTIGUA 1,533,80,81,54,3,57,9,2,2,8
PUENTE DE IXTLA,601,CONTIGUA 2,533,89,66,71,0,83,0,0,,
PUENTE DE IXTLA,602,BASICA,520,94,92,52,5,52,0,1,0,8
PUENTE DE IXTLA,602,CONTIGUA 1,521,71,76,43,5,64,2,1,,
PUENTE DE IXTLA,602,CONTIGUA 2,521,74,108,42,3,65,11,4,,
PUENTE DE IXTLA,603,BASICA,261,40,41,39,1,32,8,0,0,2
PUENTE DE IXTLA,604,BASICA,465,28,99,86,0,39,3,0,0,18
PUENTE DE IXTLA,605,BASICA,628,86,61,67,0,34,2,0,,
PUENTE DE IXTLA,605,CONTIGUA 1,628,106,48,90,5,50,4,2,0,13
PUENTE DE IXTLA,606,BASICA,513,58,90,17,3,83,2,1,0,8
PUENTE DE IXTLA,606,CONTIGUA 1,514,53,90,24,4,89,3,1,2,12
PUENTE DE IXTLA,607,BASICA,543,81,82,27,3,73,1,1,0,16
PUENTE DE IXTLA,607,CONTIGUA 1,544,77,109,41,5,62,4,0,1,12
PUENTE DE IXTLA,608,BASICA,593,74,170,20,5,39,6,0,1,7
PUENTE DE IXTLA,608,CONTIGUA 1,594,86,170,19,2,47,2,6,0,6
PUENTE DE IXTLA,609,BASICA,573,55,89,18,5,101,3,1,1,10
PUENTE DE IXTLA,609,CONTIGUA 1,574,56,92,17,5,85,6,0,0,16
PUENTE DE IXTLA,610,BASICA,348,60,17,12,3,70,1,0,1,9
TEMIXCO,611,BASICA,517,64,94,114,3,5,0,0,0,14
TEMIXCO,611,CONTIGUA 1,517,50,79,109,5,0,2,0,0,13
TEMIXCO,611,CONTIGUA 2,518,47,96,138,11,6,1,0,0,18
TEMIXCO,613,BASICA,425,157,44,57,10,15,9,0,0,5
TEMIXCO,613,CONTIGUA 1,425,186,52,45,5,7,2,0,0,6
TEMIXCO,614,BASICA,447,161,44,76,11,11,6,0,0,6
TEMIXCO,614,CONTIGUA 1,448,156,61,83,7,12,5,0,0,4
TEMIXCO,615,BASICA,521,71,83,108,7,2,0,0,0,10
TEMIXCO,615,CONTIGUA 1,521,60,96,137,4,7,3,0,0,9
TEMIXCO,615,CONTIGUA 2,522,75,106,79,3,10,1,0,0,8
TEMIXCO,616,BASICA,500,66,48,98,9,0,1,0,0,5
TEMIXCO,616,CONTIGUA 1,500,57,56,124,7,3,3,0,0,5
TEMIXCO,616,CONTIGUA 2,501,68,37,130,2,2,2,0,0,10
TEMIXCO,616,GEOGRAFICA 1,488,61,62,92,22,1,1,0,1,13
TEMIXCO,617,BASICA,729,123,69,146,5,3,3,0,0,12
TEMIXCO,617,CONTIGUA 1,730,135,53,183,12,3,7,0,3,17
TEMIXCO,618,BASICA,616,87,83,113,4,2,2,0,2,18
TEMIXCO,618,CONTIGUA 1,617,95,88,112,8,8,1,0,1,7
TEMIXCO,618,CONTIGUA 2,617,94,102,92,6,5,2,0,0,13
TEMIXCO,618,CONTIGUA 3,617,83,80,157,12,6,4,0,0,11
TEMIXCO,618,CONTIGUA 4,617,97,78,105,11,6,1,0,1,7
TEMIXCO,619,BASICA,647,77,101,142,9,5,0,0,0,21
TEMIXCO,619,CONTIGUA 1,647,88,86,159,7,6,3,0,3,12
TEMIXCO,620,BASICA,587,191,45,105,9,6,4,0,1,6
TEMIXCO,620,CONTIGUA 1,587,194,67,95,9,8,9,0,0,4
TEMIXCO,620,CONTIGUA 2,588,199,51,101,3,8,8,0,0,4
TEMIXCO,621,BASICA,681,111,116,114,11,4,2,0,4,5
TEMIXCO,621,CONTIGUA 1,681,119,105,133,11,6,2,0,0,24
TEMIXCO,622,BASICA,612,88,118,104,9,6,0,0,3,4
TEMIXCO,622,CONTIGUA 1,612,91,74,111,14,5,3,0,2,14
TEMIXCO,622,CONTIGUA 2,612,85,106,112,10,7,1,0,3,5
TEMIXCO,623,BASICA,730,78,57,186,10,4,1,0,1,7
TEMIXCO,623,CONTIGUA 1,730,91,71,192,7,4,3,0,3,13
TEMIXCO,623,CONTIGUA 2,730,82,50,188,8,5,3,0,1,0
TEMIXCO,624,BASICA,517,52,60,105,10,5,2,0,1,8
TEMIXCO,624,CONTIGUA 1,517,68,72,97,5,5,4,0,0,15
TEMIXCO,624,CONTIGUA 2,517,81,64,104,15,0,5,0,1,8
TEMIXCO,625,BASICA,652,84,126,97,12,10,3,0,3,13
TEMIXCO,625,CONTIGUA 1,653,114,106,106,9,16,3,0,2,11
TEMIXCO,626,BASICA,532,79,51,106,16,6,0,0,1,8
TEMIXCO,626,CONTIGUA 1,533,93,53,92,6,6,4,0,3,10
TEMIXCO,626,CONTIGUA 2,533,97,66,95,12,8,2,0,1,5
TEMIXCO,627,BASICA,625,97,89,91,5,5,3,0,0,7
TEMIXCO,627,CONTIGUA 1,625,88,97,92,11,8,1,0,4,10
TEMIXCO,628,BASICA,697,119,107,129,19,13,3,0,0,14
TEMIXCO,628,CONTIGUA 1,698,102,121,143,12,11,4,0,0,14
TEMIXCO,629,BASICA,523,179,59,74,6,9,9,0,2,4
TEMIXCO,629,CONTIGUA 1,523,170,52,93,4,6,16,0,1,2
TEMIXCO,630,BASICA,604,104,85,113,22,5,9,0,1,16
TEMIXCO,630,CONTIGUA 1,604,115,101,98,17,8,1,0,0,12
TEMIXCO,630,CONTIGUA 2,604,100,97,115,15,4,4,0,1,5
TEMIXCO,630,CONTIGUA 3,604,90,104,117,17,6,3,0,0,10
TEMIXCO,631,BASICA,743,132,108,119,13,5,4,0,0,13
TEMIXCO,631,CONTIGUA 1,743,126,119,101,15,8,3,0,0,16
TEMIXCO,632,BASICA,641,103,74,127,7,2,6,0,0,13
TEMIXCO,632,CONTIGUA 1,641,81,77,138,11,5,6,0,0,12
TEMIXCO,633,BASICA,524,43,70,99,10,5,2,0,0,17
TEMIXCO,633,CONTIGUA 1,525,53,85,97,3,6,4,0,2,10
TEMIXCO,633,CONTIGUA 2,525,41,64,119,13,5,5,0,0,6
TEMIXCO,634,BASICA,553,103,77,116,15,12,1,0,0,3
TEMIXCO,634,CONTIGUA 1,553,113,69,122,8,11,4,0,0,9
TEMIXCO,634,CONTIGUA 2,553,101,79,118,13,7,4,0,1,10
TEMIXCO,635,BASICA,591,62,40,128,11,9,4,0,1,6
TEMIXCO,635,CONTIGUA 1,591,73,71,94,9,6,1,0,0,14
TEMIXCO,635,CONTIGUA 2,592,61,62,118,16,6,5,0,0,7
TEMIXCO,636,BASICA,643,143,48,81,10,5,4,0,1,8
TEMIXCO,636,CONTIGUA 1,644,116,73,100,7,7,2,0,1,8
TEMIXCO,636,CONTIGUA 2,644,102,66,77,6,5,3,0,2,7
TEMIXCO,637,BASICA,704,133,103,102,15,2,4,0,1,10
TEMIXCO,637,CONTIGUA 1,705,134,103,93,16,3,3,0,0,18
TEMIXCO,638,BASICA,562,86,40,107,7,9,6,0,0,8
TEMIXCO,638,CONTIGUA 1,563,91,44,130,5,2,5,0,1,4
TEMIXCO,638,CONTIGUA 2,563,112,38,84,5,11,0,0,0,6
TEMIXCO,639,BASICA,733,118,118,163,13,7,6,0,0,12
TEMIXCO,639,CONTIGUA 1,733,103,158,147,7,7,6,0,2,12
TEMIXCO,640,BASICA,517,87,106,76,9,9,6,0,0,12
TEMIXCO,640,CONTIGUA 1,517,63,126,96,10,8,5,0,0,15
TEMIXCO,641,BASICA,615,105,132,95,8,10,3,0,0,8
TEMIXCO,641,CONTIGUA 1,616,121,149,97,8,4,5,0,0,9
TEMIXCO,642,BASICA,518,86,48,86,8,3,3,0,0,14
TEMIXCO,642,CONTIGUA 1,518,77,66,92,13,5,1,0,2,5
TEMIXCO,642,CONTIGUA 2,519,262,212,222,33,11,2,0,0,43
TEMIXCO,643,BASICA,422,64,55,72,11,4,3,0,0,8
TEMIXCO,643,CONTIGUA 1,423,62,40,72,3,2,3,0,0,15
TEMIXCO,644,BASICA,582,71,60,105,6,7,7,0,1,7
TEMIXCO,644,CONTIGUA 1,583,87,64,76,14,7,2,0,2,8
TEMIXCO,644,CONTIGUA 2,583,74,80,113,11,5,1,0,1,4
TEMIXCO,644,CONTIGUA 3,583,80,63,100,11,7,4,0,1,6
TEMIXCO,645,BASICA,535,65,62,93,18,4,3,0,0,5
TEMIXCO,645,CONTIGUA 1,536,81,60,68,7,5,9,0,0,10
TEMIXCO,645,CONTIGUA 2,536,64,79,75,8,7,5,0,0,6
TEMIXCO,646,BASICA,661,111,65,130,8,6,4,0,0,15
TEMIXCO,646,CONTIGUA 1,662,123,65,128,4,6,2,0,0,17
TEMIXCO,647,BASICA,668,134,109,121,4,8,9,0,0,11
TEMIXCO,647,CONTIGUA 1,668,117,101,125,7,8,3,0,4,11
TEMIXCO,647,CONTIGUA 2,669,138,94,144,2,7,3,0,0,7
TEMIXCO,648,BASICA,744,114,170,118,8,9,9,0,0,11
TEMIXCO,648,CONTIGUA 1,744,155,146,128,4,5,4,0,1,10
TEMIXCO,649,BASICA,542,96,72,98,8,2,3,0,2,8
TEMIXCO,649,CONTIGUA 1,543,93,90,88,5,8,3,0,0,12
TEMIXCO,649,CONTIGUA 2,543,112,95,91,2,10,3,0,0,8
TEMIXCO,650,BASICA,432,87,51,66,11,2,1,0,0,5
TEMIXCO,651,BASICA,588,96,91,113,3,7,1,0,0,0
TEMIXCO,651,CONTIGUA 1,588,115,86,81,7,8,1,0,0,17
TEMIXCO,651,CONTIGUA 2,588,94,86,86,5,5,1,0,0,9
TEMIXCO,651,CONTIGUA 3,589,116,83,94,2,12,1,0,0,8
TEMIXCO,652,BASICA,611,214,185,140,21,14,1,0,15,84
TEMIXCO,652,CONTIGUA 1,611,75,57,161,2,5,2,0,1,23
TEMIXCO,652,CONTIGUA 2,611,74,67,146,3,2,4,0,3,22
TEMIXCO,653,BASICA,414,42,59,51,9,5,7,0,0,10
TEMIXCO,653,CONTIGUA 1,414,57,73,56,7,2,0,0,0,9
TEMIXCO,653,GEOGRAFICA 1,678,108,60,146,6,4,5,0,0,5
TEMIXCO,653,GEOGRAFICA 2,679,103,76,155,5,2,3,0,0,7
TEPALCINGO,654,BASICA,601,87,70,135,6,51,2,0,0,20
TEPALCINGO,654,CONTIGUA 1,602,84,70,129,12,38,3,0,1,15
TEPALCINGO,654,CONTIGUA 2,602,111,63,120,10,51,0,0,0,9
TEPALCINGO,655,BASICA,649,112,85,102,12,60,5,0,0,13
TEPALCINGO,655,CONTIGUA 1,650,,,,,,,,,
TEPALCINGO,656,BASICA,592,86,101,102,25,74,4,0,0,16
TEPALCINGO,656,CONTIGUA 1,592,,,,,,,,,
TEPALCINGO,657,BASICA,716,127,62,123,19,77,0,0,0,11
TEPALCINGO,657,CONTIGUA 1,717,137,51,121,24,55,2,0,0,20
TEPALCINGO,658,BASICA,531,,,,,,,,,
TEPALCINGO,658,CONTIGUA 1,532,119,62,54,15,87,2,0,3,10
TEPALCINGO,659,BASICA,408,67,72,38,5,19,1,0,1,5
TEPALCINGO,660,BASICA,649,,,,,,,,,
TEPALCINGO,660,CONTIGUA 1,650,99,123,45,10,103,3,0,0,15
TEPALCINGO,661,BASICA,486,57,84,33,18,74,6,0,0,22
TEPALCINGO,661,CONTIGUA 1,486,63,74,29,15,67,4,0,1,7
TEPALCINGO,662,BASICA,608,40,82,73,17,72,0,0,0,14
TEPALCINGO,662,CONTIGUA 1,608,31,103,73,31,61,1,0,1,23
TEPALCINGO,663,BASICA,635,64,77,97,9,66,1,0,0,17
TEPALCINGO,663,CONTIGUA 1,636,58,105,89,8,84,3,0,1,11
TEPALCINGO,663,GEOGRAFICA 1,181,15,1,57,11,8,0,0,1,5
TEPALCINGO,664,BASICA,210,18,17,73,1,11,0,0,1,7
TEPALCINGO,664,GEOGRAFICA 1,97,17,2,36,4,2,0,0,0,1
TEPALCINGO,665,BASICA,480,72,68,58,15,56,0,0,0,11
TEPALCINGO,665,CONTIGUA 1,480,85,57,48,12,55,3,0,0,12
TEPALCINGO,666,BASICA,129,10,18,32,6,5,0,0,0,4
TEPALCINGO,667,BASICA,718,74,160,60,5,18,0,0,0,15
TEPALCINGO,667,CONTIGUA 1,718,92,166,60,19,25,0,0,0,14
TEPALCINGO,668,BASICA,564,38,109,72,18,26,2,0,0,20
TEPALCINGO,668,CONTIGUA 1,565,38,100,65,29,15,2,0,0,15
TEPALCINGO,669,BASICA,641,193,63,67,15,57,1,0,0,17
TEPALCINGO,669,CONTIGUA 1,641,227,50,63,12,55,0,0,3,13
TEPOZTLAN,670,BASICA,577,27,92,278,2,1,1,0,0,8
TEPOZTLAN,670,CONTIGUA 1,578,30,86,264,0,2,0,0,0,15
TEPOZTLAN,671,BASICA,592,40,114,234,2,6,1,0,0,10
TEPOZTLAN,671,CONTIGUA 1,592,32,99,229,2,4,2,0,1,9
TEPOZTLAN,672,BASICA,475,31,65,207,1,7,3,0,2,3
TEPOZTLAN,673,BASICA,502,40,90,225,2,2,0,0,1,9
TEPOZTLAN,673,CONTIGUA 1,502,42,92,221,0,1,0,0,0,10
TEPOZTLAN,673,CONTIGUA 2,502,54,81,217,1,0,0,0,1,6
TEPOZTLAN,674,BASICA,544,44,79,249,0,1,0,0,0,11
TEPOZTLAN,674,CONTIGUA 1,545,52,101,221,2,2,0,0,1,4
TEPOZTLAN,675,BASICA,538,37,90,187,2,5,0,0,0,13
TEPOZTLAN,675,CONTIGUA 1,538,38,86,220,0,7,1,0,1,11
TEPOZTLAN,675,CONTIGUA 2,539,32,98,204,0,1,1,0,0,17
TEPOZTLAN,676,BASICA,693,43,147,268,1,3,0,0,1,16
TEPOZTLAN,676,CONTIGUA 1,693,34,158,269,1,8,4,0,1,11
TEPOZTLAN,677,BASICA,577,36,129,195,2,7,0,0,1,4
TEPOZTLAN,677,CONTIGUA 1,577,31,134,202,1,1,2,0,1,4
TEPOZTLAN,678,BASICA,498,37,85,172,4,3,3,0,0,8
TEPOZTLAN,678,CONTIGUA 1,499,24,105,180,2,3,2,0,0,6
TEPOZTLAN,679,BASICA,647,53,104,241,1,2,1,0,2,12
TEPOZTLAN,679,CONTIGUA 1,647,35,110,238,2,3,0,0,0,14
TEPOZTLAN,680,BASICA,596,129,119,91,3,5,3,0,4,14
TEPOZTLAN,680,CONTIGUA 1,596,135,121,101,6,5,0,0,3,22
TEPOZTLAN,681,BASICA,460,15,101,153,4,1,1,0,1,7
TEPOZTLAN,681,CONTIGUA 1,460,19,108,126,4,4,1,0,1,10
TEPOZTLAN,682,BASICA,567,74,61,115,2,1,0,0,0,17
TEPOZTLAN,682,CONTIGUA 1,568,59,92,97,6,4,1,0,3,6
TEPOZTLAN,682,CONTIGUA 2,568,54,80,96,3,4,1,0,5,17
TEPOZTLAN,683,BASICA,515,48,71,82,3,1,0,0,1,8
TEPOZTLAN,683,CONTIGUA 1,515,38,74,112,0,0,0,0,0,22
TEPOZTLAN,683,CONTIGUA 2,515,25,97,124,6,5,2,0,0,7
TEPOZTLAN,684,BASICA,686,37,138,207,1,5,2,0,0,18
TEPOZTLAN,685,BASICA,381,23,95,126,0,4,0,0,0,6
TEPOZTLAN,685,CONTIGUA 1,381,16,124,84,0,0,0,0,0,8
TEPOZTLAN,686,BASICA,491,79,75,136,0,5,0,0,2,9
TEPOZTLAN,686,CONTIGUA 1,491,62,127,116,4,6,1,0,0,9
TEPOZTLAN,686,GEOGRAFICA 1,544,113,113,99,0,11,7,0,0,10
TEPOZTLAN,686,GEOGRAFICA 2,545,122,109,109,0,12,5,0,0,10
TEPOZTLAN,686,GEOGRAFICA 3,545,95,107,112,5,17,2,0,0,4
TEPOZTLAN,687,BASICA,470,40,108,108,1,14,1,0,0,7
TEPOZTLAN,687,CONTIGUA 1,471,30,113,108,2,5,2,0,1,3
TEPOZTLAN,688,BASICA,705,47,148,117,4,18,4,0,1,12
TETECALA,689,BASICA,716,107,106,96,12,122,3,0,19,20
TETECALA,689,CONTIGUA 1,716,97,104,97,13,126,5,0,17,31
TETECALA,690,BASICA,690,75,124,102,10,125,6,0,13,20
TETECALA,690,CONTIGUA 1,691,91,120,95,19,98,8,0,19,16
TETECALA,691,BASICA,561,91,89,67,9,63,6,0,22,18
TETECALA,691,CONTIGUA 1,561,62,60,67,8,86,5,0,24,20
TETECALA,692,BASICA,636,60,93,139,18,102,9,0,8,19
TETECALA,693,BASICA,593,127,62,67,12,85,16,0,1,16
TETECALA,694,BASICA,254,48,35,41,4,18,5,0,1,6
TETELA DEL VOLCAN,695,BASICA,584,105,65,157,19,24,1,0,1,12
TETELA DEL VOLCAN,695,CONTIGUA 1,584,72,113,160,14,13,4,0,1,8
TETELA DEL VOLCAN,695,CONTIGUA 2,585,112,72,176,13,24,0,0,0,12
TETELA DEL VOLCAN,696,BASICA,504,72,56,164,4,8,0,0,4,10
TETELA DEL VOLCAN,696,CONTIGUA 1,504,54,36,183,2,12,0,0,1,8
TETELA DEL VOLCAN,696,CONTIGUA 2,504,61,64,178,4,17,0,0,0,9
TETELA DEL VOLCAN,697,BASICA,623,104,71,218,10,13,2,0,0,9
TETELA DEL VOLCAN,697,CONTIGUA 1,623,107,94,194,4,18,0,0,0,10
TETELA DEL VOLCAN,697,CONTIGUA 2,624,72,99,196,9,16,1,0,0,17
TETELA DEL VOLCAN,697,CONTIGUA 3,624,72,82,224,1,17,1,0,0,19
TETELA DEL VOLCAN,698,BASICA,436,49,73,43,2,74,42,0,4,15
TETELA DEL VOLCAN,698,CONTIGUA 1,437,64,62,34,1,91,36,0,1,15
TETELA DEL VOLCAN,699,BASICA,508,27,6,27,3,226,3,0,0,19
TETELA DEL VOLCAN,699,CONTIGUA 1,509,18,10,22,2,265,2,0,0,197
TETELA DEL VOLCAN,700,BASICA,556,20,13,6,2,297,3,0,0,15
TETELA DEL VOLCAN,700,CONTIGUA 1,557,68,17,18,5,179,10,0,0,16
TETELA DEL VOLCAN,701,BASICA,495,59,11,16,1,164,10,0,4,21
TETELA DEL VOLCAN,701,CONTIGUA 1,495,30,7,9,1,284,0,0,0,35
TETELA DEL VOLCAN,702,BASICA,473,18,21,17,1,199,4,0,0,16
TETELA DEL VOLCAN,702,CONTIGUA 1,474,18,20,30,1,210,5,0,0,20
TLALNEPANTLA,703,BASICA,730,4,124,357,42,1,1,0,1,23
TLALNEPANTLA,703,CONTIGUA 1,730,6,105,417,35,0,0,0,0,8
TLALNEPANTLA,704,BASICA,643,2,122,351,34,0,2,0,1,10
TLALNEPANTLA,704,CONTIGUA 1,643,8,91,360,36,0,1,0,1,9
TLALNEPANTLA,705,BASICA,725,7,141,268,72,3,3,0,6,25
TLALNEPANTLA,706,BASICA,504,3,89,207,51,1,0,0,0,20
TLALTIZAPAN,707,BASICA,548,65,43,85,28,20,14,0,2,10
TLALTIZAPAN,707,CONTIGUA 1,548,77,25,61,29,25,15,0,0,7
TLALTIZAPAN,707,CONTIGUA 2,548,97,35,91,24,27,10,0,0,14
TLALTIZAPAN,708,BASICA,708,88,82,94,34,51,25,0,0,10
TLALTIZAPAN,708,CONTIGUA 1,709,122,62,102,16,36,25,0,0,19
TLALTIZAPAN,708,CONTIGUA 2,709,95,75,97,27,39,34,0,0,14
TLALTIZAPAN,709,BASICA,506,127,41,46,7,81,7,0,0,8
TLALTIZAPAN,709,CONTIGUA 1,507,116,43,50,5,87,14,0,0,8
TLALTIZAPAN,709,CONTIGUA 2,507,103,50,53,11,63,15,0,0,5
TLALTIZAPAN,710,BASICA,745,126,66,103,22,57,14,0,1,14
TLALTIZAPAN,710,CONTIGUA 1,745,139,71,107,32,44,3,0,0,0
TLALTIZAPAN,710,CONTIGUA 2,746,148,67,101,24,43,9,0,1,13
TLALTIZAPAN,711,BASICA,500,114,31,54,13,73,9,0,0,12
TLALTIZAPAN,711,CONTIGUA 1,500,139,58,46,15,54,2,0,0,10
TLALTIZAPAN,712,BASICA,584,51,96,103,6,15,6,0,0,10
TLALTIZAPAN,713,BASICA,580,42,95,101,13,30,1,0,0,13
TLALTIZAPAN,713,CONTIGUA 1,581,53,98,100,14,27,3,0,0,17
TLALTIZAPAN,714,BASICA,559,57,117,67,5,39,10,0,0,13
TLALTIZAPAN,714,CONTIGUA 1,559,43,102,97,8,41,12,0,0,4
TLALTIZAPAN,714,CONTIGUA 2,559,56,98,87,20,31,3,0,0,10
TLALTIZAPAN,715,BASICA,423,40,67,91,13,20,6,0,1,2
TLALTIZAPAN,716,BASICA,564,52,57,172,22,14,4,0,0,11
TLALTIZAPAN,716,CONTIGUA 1,564,53,51,153,17,10,5,0,0,10
TLALTIZAPAN,717,BASICA,697,51,80,168,28,39,22,0,1,22
TLALTIZAPAN,717,CONTIGUA 1,698,69,77,155,27,39,27,0,0,21
TLALTIZAPAN,718,BASICA,739,94,91,140,17,17,31,0,0,21
TLALTIZAPAN,719,BASICA,409,81,66,106,1,11,17,0,0,7
TLALTIZAPAN,719,CONTIGUA 1,410,90,64,63,1,7,32,0,1,5
TLALTIZAPAN,720,BASICA,479,32,81,114,3,24,5,0,0,8
TLALTIZAPAN,721,BASICA,658,130,103,78,9,22,7,0,0,13
TLALTIZAPAN,722,BASICA,427,37,74,41,51,7,18,0,0,11
TLALTIZAPAN,722,CONTIGUA 1,427,41,43,63,47,6,14,0,0,10
TLALTIZAPAN,723,BASICA,517,56,134,78,12,51,6,0,0,11
TLALTIZAPAN,723,CONTIGUA 1,517,42,144,72,16,34,1,0,0,7
TLALTIZAPAN,723,CONTIGUA 2,517,50,115,95,3,40,3,0,0,11
TLALTIZAPAN,724,BASICA,695,46,141,183,7,17,8,0,0,15
TLALTIZAPAN,724,CONTIGUA 1,695,27,156,198,9,13,10,0,0,19
TLALTIZAPAN,725,BASICA,647,21,80,272,4,11,8,0,3,22
TLALTIZAPAN,725,CONTIGUA 1,647,30,73,248,3,16,5,0,0,17
TLALTIZAPAN,725,CONTIGUA 2,648,26,90,229,3,15,11,0,0,11
TLALTIZAPAN,726,BASICA,537,14,76,192,5,25,15,0,0,11
TLALTIZAPAN,726,CONTIGUA 1,538,22,85,195,9,30,5,0,0,7
TLALTIZAPAN,727,BASICA,567,44,146,135,3,8,3,0,0,11
TLALTIZAPAN,727,CONTIGUA 1,568,22,96,131,2,6,5,0,1,5
TLALTIZAPAN,727,CONTIGUA 2,568,49,83,140,1,8,2,0,0,10
TLALTIZAPAN,728,BASICA,652,37,116,138,5,8,4,0,5,15
TLALTIZAPAN,728,CONTIGUA 1,653,63,106,148,3,9,10,0,0,16
TLALTIZAPAN,729,BASICA,382,8,137,62,3,1,1,0,0,2
TLALTIZAPAN,729,CONTIGUA 1,383,17,140,51,2,4,2,0,0,9
TLALTIZAPAN,730,BASICA,676,72,195,99,1,8,2,0,0,9
TLALTIZAPAN,730,CONTIGUA 1,677,57,210,85,3,6,1,0,0,19
TLALTIZAPAN,731,BASICA,572,48,110,99,9,40,9,0,0,13
TLALTIZAPAN,731,CONTIGUA 1,572,45,103,99,12,33,5,0,1,13
TLALTIZAPAN,731,CONTIGUA 2,573,50,102,100,10,30,8,0,1,7
TLALTIZAPAN,731,CONTIGUA 3,573,47,129,111,4,31,5,0,1,12
TLALTIZAPAN,732,BASICA,439,84,45,64,5,9,0,0,0,19
TLALTIZAPAN,732,CONTIGUA 1,440,88,58,71,2,1,2,0,1,14
TLALTIZAPAN,733,BASICA,379,67,45,45,13,26,2,0,0,10
TLAQUILTENANGO,734,BASICA,538,47,89,53,73,0,0,0,1,18
TLAQUILTENANGO,734,CONTIGUA 1,538,57,83,65,60,0,3,0,2,6
TLAQUILTENANGO,734,CONTIGUA 2,538,235,226,238,128,12,6,0,11,29
TLAQUILTENANGO,735,BASICA,710,60,60,71,68,0,8,0,0,12
TLAQUILTENANGO,735,CONTIGUA 1,710,56,65,92,81,2,6,0,0,9
TLAQUILTENANGO,736,BASICA,474,64,37,60,62,3,1,0,0,9
TLAQUILTENANGO,736,CONTIGUA 1,475,47,47,66,59,2,4,0,0,10
TLAQUILTENANGO,737,BASICA,623,54,84,80,119,0,3,0,0,12
TLAQUILTENANGO,737,CONTIGUA 1,623,52,80,93,115,5,3,0,0,17
TLAQUILTENANGO,737,CONTIGUA 2,624,51,58,95,126,0,1,0,0,14
TLAQUILTENANGO,737,GEOGRAFICA 1,174,8,26,18,34,1,0,0,0,3
TLAQUILTENANGO,738,BASICA,552,45,55,106,95,2,5,0,0,7
TLAQUILTENANGO,738,CONTIGUA 1,552,60,55,109,104,2,8,0,0,9
TLAQUILTENANGO,738,CONTIGUA 2,552,49,46,115,99,2,15,0,1,8
TLAQUILTENANGO,739,BASICA,693,33,89,92,142,4,6,0,0,12
TLAQUILTENANGO,739,CONTIGUA 1,694,39,78,83,154,0,4,0,0,14
TLAQUILTENANGO,740,BASICA,577,63,59,80,100,1,1,0,1,8
TLAQUILTENANGO,740,CONTIGUA 1,577,54,63,89,133,1,1,0,0,7
TLAQUILTENANGO,740,CONTIGUA 2,578,38,58,88,127,0,2,0,0,6
TLAQUILTENANGO,740,CONTIGUA 3,578,59,48,75,127,1,2,0,0,7
TLAQUILTENANGO,741,BASICA,518,71,58,89,95,0,5,0,0,9
TLAQUILTENANGO,741,CONTIGUA 1,518,59,89,78,77,3,3,0,0,9
TLAQUILTENANGO,741,CONTIGUA 2,519,52,78,85,112,2,3,0,3,5
TLAQUILTENANGO,742,BASICA,605,37,105,77,134,3,7,0,0,5
TLAQUILTENANGO,742,CONTIGUA 1,606,34,101,78,151,2,4,0,0,10
TLAQUILTENANGO,743,BASICA,710,46,101,93,65,1,3,0,0,13
TLAQUILTENANGO,743,CONTIGUA 1,710,66,79,99,73,4,3,0,1,22
TLAQUILTENANGO,744,BASICA,428,48,95,47,44,0,4,0,1,12
TLAQUILTENANGO,745,BASICA,350,42,32,57,29,3,9,0,0,7
TLAQUILTENANGO,745,GEOGRAFICA 1,229,30,37,33,30,2,3,0,0,7
TLAQUILTENANGO,745,GEOGRAFICA 2,275,18,16,52,42,0,1,0,2,6
TLAQUILTENANGO,746,BASICA,610,34,96,82,47,2,12,0,2,14
TLAQUILTENANGO,747,BASICA,313,58,24,18,51,0,1,0,0,9
TLAQUILTENANGO,748,BASICA,509,43,113,25,97,6,1,0,0,17
TLAQUILTENANGO,749,BASICA,425,41,53,83,38,2,1,0,1,9
TLAQUILTENANGO,749,CONTIGUA 1,426,36,67,94,25,1,1,0,2,5
TLAQUILTENANGO,750,BASICA,463,67,36,39,41,4,23,0,0,15
TLAQUILTENANGO,751,BASICA,382,32,33,72,38,0,6,0,0,6
TLAQUILTENANGO,752,BASICA,216,60,26,22,11,0,1,0,0,2
TLAQUILTENANGO,753,BASICA,433,113,43,14,12,4,0,0,3,13
TLAQUILTENANGO,754,BASICA,247,37,50,13,16,0,0,0,0,5
TLAQUILTENANGO,755,BASICA,297,84,25,8,47,0,3,0,0,2
TLAQUILTENANGO,756,BASICA,469,91,42,57,22,0,2,0,1,7
TLAQUILTENANGO,756,CONTIGUA 1,469,112,21,43,22,0,2,0,2,11
TLAQUILTENANGO,757,BASICA,162,18,22,5,48,3,0,0,1,7
TLAQUILTENANGO,757,GEOGRAFICA 1,101,13,26,10,10,0,0,0,0,0
TLAQUILTENANGO,758,BASICA,136,22,11,5,27,3,1,0,0,2
TLAQUILTENANGO,759,BASICA,167,44,15,9,18,0,14,0,0,4
TLAYACAPAN,760,BASICA,607,23,45,178,14,170,11,0,0,14
TLAYACAPAN,760,CONTIGUA 1,607,11,55,226,3,161,14,0,0,7
TLAYACAPAN,761,BASICA,597,13,74,164,14,153,15,0,0,16
TLAYACAPAN,761,CONTIGUA 1,597,25,70,156,6,165,24,0,3,13
TLAYACAPAN,761,CONTIGUA 2,597,28,83,171,7,145,29,0,0,9
TLAYACAPAN,762,BASICA,740,36,73,160,5,193,30,0,0,8
TLAYACAPAN,762,CONTIGUA 1,740,19,66,225,5,172,29,0,0,14
TLAYACAPAN,763,BASICA,485,29,56,121,2,114,10,0,0,10
TLAYACAPAN,763,CONTIGUA 1,486,17,66,145,3,107,12,0,3,9
TLAYACAPAN,764,BASICA,436,15,81,117,2,93,5,0,1,10
TLAYACAPAN,764,CONTIGUA 1,437,33,102,87,0,98,9,0,0,12
TLAYACAPAN,765,BASICA,522,13,96,73,2,125,34,0,1,18
TLAYACAPAN,766,BASICA,502,19,206,31,5,112,2,0,1,13
TLAYACAPAN,766,CONTIGUA 1,503,9,253,24,3,63,1,0,0,8
TLAYACAPAN,767,BASICA,539,57,38,86,10,119,15,0,0,21
TLAYACAPAN,767,CONTIGUA 1,539,39,65,83,10,119,12,0,1,19
TLAYACAPAN,768,BASICA,517,104,74,78,12,32,4,0,0,10
TLAYACAPAN,768,CONTIGUA 1,518,81,77,60,10,35,6,0,0,19
TLAYACAPAN,768,CONTIGUA 2,518,89,60,70,13,51,9,0,0,15
TOTOLAPAN,769,BASICA,565,227,88,47,1,7,1,3,2,11
TOTOLAPAN,769,CONTIGUA 1,565,196,101,81,1,6,1,0,0,6
TOTOLAPAN,769,CONTIGUA 2,566,182,83,75,0,4,0,2,1,12
TOTOLAPAN,770,BASICA,610,236,69,69,1,15,0,2,0,12
TOTOLAPAN,770,CONTIGUA 1,610,255,82,58,0,11,2,0,0,15
TOTOLAPAN,771,BASICA,676,218,122,74,1,15,0,6,3,4
TOTOLAPAN,771,CONTIGUA 1,676,246,124,77,3,7,1,2,2,5
TOTOLAPAN,772,BASICA,204,45,46,54,0,3,0,1,0,8
TOTOLAPAN,773,BASICA,583,26,132,146,3,97,0,3,0,15
TOTOLAPAN,773,CONTIGUA 1,584,37,82,173,2,112,0,2,0,8
TOTOLAPAN,774,BASICA,271,44,66,79,1,7,0,0,1,6
TOTOLAPAN,775,BASICA,207,,,,,,,,,
XOCHITEPEC,776,BASICA,511,104,44,91,5,1,1,0,0,8
XOCHITEPEC,776,CONTIGUA 1,511,89,44,105,6,8,5,0,0,12
XOCHITEPEC,776,CONTIGUA 2,511,99,39,106,8,0,4,0,1,5
XOCHITEPEC,777,BASICA,615,73,58,103,9,5,2,0,2,13
XOCHITEPEC,777,CONTIGUA 1,616,105,59,102,10,8,4,0,5,14
XOCHITEPEC,777,CONTIGUA 2,616,89,65,123,10,3,1,0,5,15
XOCHITEPEC,777,CONTIGUA 3,616,91,63,98,7,2,1,0,0,12
XOCHITEPEC,777,CONTIGUA 4,616,95,57,114,9,1,3,0,1,8
XOCHITEPEC,778,BASICA,672,115,46,150,13,4,1,0,0,13
XOCHITEPEC,778,CONTIGUA 1,672,125,38,145,17,5,3,0,0,15
XOCHITEPEC,778,GEOGRAFICA 1,307,59,23,77,4,2,1,0,0,11
XOCHITEPEC,779,BASICA,598,112,57,151,27,3,1,0,0,14
XOCHITEPEC,779,CONTIGUA 1,599,121,54,157,18,5,1,0,0,20
XOCHITEPEC,780,BASICA,609,98,67,141,20,5,2,0,4,13
XOCHITEPEC,780,CONTIGUA 1,609,132,66,122,24,3,3,0,1,10
XOCHITEPEC,781,BASICA,674,176,52,160,25,4,0,0,0,13
XOCHITEPEC,781,CONTIGUA 1,674,217,47,171,21,2,0,0,2,6
XOCHITEPEC,782,BASICA,565,146,52,152,13,1,0,0,2,12
XOCHITEPEC,782,CONTIGUA 1,565,179,39,142,5,2,0,0,0,6
XOCHITEPEC,783,BASICA,745,225,53,202,11,2,2,0,0,13
XOCHITEPEC,783,CONTIGUA 1,745,230,39,197,17,4,1,0,0,8
XOCHITEPEC,783,CONTIGUA 2,745,212,48,193,18,1,4,0,1,9
XOCHITEPEC,784,BASICA,603,103,65,105,13,2,2,0,0,17
XOCHITEPEC,784,CONTIGUA 1,603,82,55,137,8,5,1,0,2,13
XOCHITEPEC,784,CONTIGUA 2,603,106,42,126,12,2,1,0,0,11
XOCHITEPEC,785,BASICA,473,87,66,80,4,4,2,0,0,7
XOCHITEPEC,785,CONTIGUA 1,473,99,55,55,4,1,3,0,1,7
XOCHITEPEC,786,BASICA,387,74,36,102,23,1,0,0,1,8
XOCHITEPEC,786,CONTIGUA 1,387,71,23,117,22,1,3,0,2,9
XOCHITEPEC,787,BASICA,631,140,46,134,23,3,1,0,0,10
XOCHITEPEC,787,CONTIGUA 1,632,144,38,120,18,3,2,0,0,9
XOCHITEPEC,787,CONTIGUA 2,632,123,41,114,19,1,3,0,0,6
XOCHITEPEC,788,BASICA,611,179,37,102,10,2,0,0,3,7
XOCHITEPEC,788,CONTIGUA 1,612,173,26,104,20,4,1,0,0,10
XOCHITEPEC,789,BASICA,393,101,12,93,10,3,2,0,0,9
XOCHITEPEC,789,CONTIGUA 1,394,102,19,82,2,2,1,0,3,7
XOCHITEPEC,790,BASICA,666,166,38,160,12,1,1,0,0,4
XOCHITEPEC,790,CONTIGUA 1,666,151,27,163,8,4,0,0,1,13
XOCHITEPEC,791,BASICA,521,114,36,82,3,3,0,0,0,5
XOCHITEPEC,791,CONTIGUA 1,521,99,51,75,2,1,0,0,1,3
XOCHITEPEC,791,CONTIGUA 2,521,120,27,100,7,4,0,0,0,16
XOCHITEPEC,792,BASICA,650,165,28,126,5,3,1,0,0,14
XOCHITEPEC,792,CONTIGUA 1,650,128,28,134,8,0,4,0,0,13
XOCHITEPEC,793,BASICA,664,119,40,228,11,3,0,0,7,7
XOCHITEPEC,794,BASICA,707,136,40,191,11,6,2,0,0,14
XOCHITEPEC,794,CONTIGUA 1,707,176,42,179,10,7,0,0,5,7
XOCHITEPEC,794,CONTIGUA 2,708,154,33,196,7,2,2,0,2,13
XOCHITEPEC,795,BASICA,566,80,24,185,15,3,4,0,0,5
XOCHITEPEC,795,CONTIGUA 1,567,83,23,204,19,1,1,0,1,7
XOCHITEPEC,795,CONTIGUA 2,567,95,26,204,19,3,0,0,2,13
XOCHITEPEC,796,BASICA,555,99,24,163,13,4,0,0,5,6
XOCHITEPEC,796,CONTIGUA 1,555,103,31,179,8,1,2,0,1,9
XOCHITEPEC,796,CONTIGUA 2,556,97,33,174,4,1,1,0,0,6
XOCHITEPEC,797,BASICA,671,152,76,96,10,4,1,0,0,14
XOCHITEPEC,797,CONTIGUA 1,671,160,84,109,7,6,1,0,1,8
XOCHITEPEC,797,CONTIGUA 2,671,120,97,97,6,7,2,0,1,8
XOCHITEPEC,798,BASICA,551,121,47,100,5,1,2,0,0,9
XOCHITEPEC,798,CONTIGUA 1,551,125,61,73,7,4,1,0,0,9
XOCHITEPEC,798,CONTIGUA 2,551,118,64,80,8,3,1,0,0,12
YAUTEPEC,799,BASICA,688,83,91,107,9,9,2,0,0,13
YAUTEPEC,799,CONTIGUA 1,688,73,70,116,8,8,2,0,0,10
YAUTEPEC,799,CONTIGUA 2,688,83,91,125,10,16,4,0,0,9
YAUTEPEC,800,BASICA,682,103,138,117,9,16,6,0,1,17
YAUTEPEC,800,CONTIGUA 1,682,139,187,79,9,7,6,0,5,9
YAUTEPEC,801,BASICA,562,140,60,117,8,11,5,0,0,7
YAUTEPEC,801,CONTIGUA 1,562,155,70,102,8,8,2,0,1,16
YAUTEPEC,801,GEOGRAFICA 1,377,65,86,35,3,4,3,0,0,6
YAUTEPEC,802,BASICA,642,125,113,90,13,17,7,0,0,10
YAUTEPEC,802,CONTIGUA 1,642,119,125,71,11,15,1,0,1,8
YAUTEPEC,803,BASICA,609,123,102,116,7,20,4,0,1,15
YAUTEPEC,803,CONTIGUA 1,609,133,93,122,4,11,1,0,0,5
YAUTEPEC,804,BASICA,692,,,,,,,,,
YAUTEPEC,804,CONTIGUA 1,692,109,125,129,8,20,1,0,3,16
YAUTEPEC,805,BASICA,715,100,95,141,9,17,22,0,3,9
YAUTEPEC,805,CONTIGUA 1,715,115,109,137,6,23,15,0,0,17
YAUTEPEC,806,BASICA,593,105,105,138,6,21,5,0,0,10
YAUTEPEC,806,CONTIGUA 1,594,79,141,119,3,13,1,0,0,14
YAUTEPEC,807,BASICA,398,123,40,44,10,17,2,0,0,4
YAUTEPEC,807,CONTIGUA 1,399,96,70,54,6,12,4,0,0,3
YAUTEPEC,808,BASICA,561,70,121,142,2,13,11,0,0,5
YAUTEPEC,808,CONTIGUA 1,561,80,112,136,6,11,1,0,0,11
YAUTEPEC,809,BASICA,521,77,88,128,6,21,8,0,0,9
YAUTEPEC,809,CONTIGUA 1,521,71,86,128,4,26,9,0,0,4
YAUTEPEC,810,BASICA,592,84,86,159,15,13,8,0,0,9
YAUTEPEC,810,CONTIGUA 1,592,97,82,155,15,13,2,0,0,6
YAUTEPEC,810,CONTIGUA 2,593,104,104,123,9,11,2,0,0,4
YAUTEPEC,811,BASICA,619,102,90,90,8,13,4,0,0,13
YAUTEPEC,811,CONTIGUA 1,619,112,73,89,5,11,2,0,1,10
YAUTEPEC,811,CONTIGUA 2,620,113,79,66,10,14,4,0,0,12
YAUTEPEC,811,CONTIGUA 3,620,133,73,76,4,4,6,0,0,17
YAUTEPEC,812,BASICA,518,102,86,85,6,12,8,0,1,7
YAUTEPEC,812,CONTIGUA 1,518,,,,,,,,,
YAUTEPEC,812,CONTIGUA 2,518,81,93,113,2,4,5,0,0,9
YAUTEPEC,813,BASICA,732,81,143,131,7,8,5,0,2,15
YAUTEPEC,813,CONTIGUA 1,732,80,141,117,6,7,7,0,0,14
YAUTEPEC,814,BASICA,609,98,88,106,6,17,1,0,0,16
YAUTEPEC,815,BASICA,479,65,122,86,7,9,5,0,1,9
YAUTEPEC,815,CONTIGUA 1,479,61,126,88,11,3,10,0,0,8
YAUTEPEC,816,BASICA,725,94,125,159,5,21,7,0,0,11
YAUTEPEC,816,CONTIGUA 1,725,73,132,137,3,8,9,0,3,12
YAUTEPEC,817,BASICA,724,116,100,135,8,9,6,0,1,13
YAUTEPEC,817,CONTIGUA 1,724,104,121,139,13,8,6,0,1,6
YAUTEPEC,817,CONTIGUA 2,724,114,95,126,12,10,1,0,1,13
YAUTEPEC,817,GEOGRAFICA 1,539,63,89,80,3,3,2,0,2,12
YAUTEPEC,817,GEOGRAFICA 2,540,58,73,79,10,5,4,0,2,6
YAUTEPEC,817,GEOGRAFICA 3,540,82,62,98,5,6,2,0,0,8
YAUTEPEC,818,BASICA,580,62,170,59,8,3,2,0,3,15
YAUTEPEC,818,CONTIGUA 1,580,76,173,64,5,3,1,0,0,3
YAUTEPEC,818,CONTIGUA 2,580,55,164,73,2,2,4,0,2,6
YAUTEPEC,819,BASICA,477,84,69,72,5,13,3,0,0,10
YAUTEPEC,819,CONTIGUA 1,478,83,99,68,5,20,1,0,0,11
YAUTEPEC,820,BASICA,560,117,74,88,6,22,6,0,1,9
YAUTEPEC,820,CONTIGUA 1,560,125,58,100,8,21,4,0,3,14
YAUTEPEC,821,BASICA,710,138,122,112,0,14,1,0,0,13
YAUTEPEC,822,BASICA,602,104,88,100,8,7,1,0,2,9
YAUTEPEC,822,CONTIGUA 1,603,103,77,95,6,5,4,0,2,15
YAUTEPEC,823,BASICA,448,78,62,78,4,7,0,0,0,5
YAUTEPEC,823,CONTIGUA 1,448,79,58,97,5,5,4,0,0,6
YAUTEPEC,824,BASICA,570,74,65,61,7,9,5,0,0,13
YAUTEPEC,824,CONTIGUA 1,571,105,75,60,2,9,2,0,2,9
YAUTEPEC,825,BASICA,479,57,96,87,4,7,1,0,2,7
YAUTEPEC,825,CONTIGUA 1,479,49,115,67,2,6,0,0,0,13
YAUTEPEC,826,BASICA,475,70,89,67,4,7,3,0,2,16
YAUTEPEC,826,CONTIGUA 1,476,71,61,70,2,16,2,0,1,9
YAUTEPEC,827,BASICA,409,50,56,53,4,36,2,0,0,11
YAUTEPEC,827,CONTIGUA 1,409,62,68,59,4,23,1,0,1,6
YAUTEPEC,828,BASICA,619,83,87,110,5,56,7,0,1,18
YAUTEPEC,828,CONTIGUA 1,620,97,87,116,9,47,4,0,0,11
YAUTEPEC,829,BASICA,549,80,97,74,6,46,6,0,0,14
YAUTEPEC,829,CONTIGUA 1,549,90,60,82,4,46,3,0,0,9
YAUTEPEC,830,BASICA,563,87,75,93,4,45,2,0,3,10
YAUTEPEC,830,CONTIGUA 1,563,69,67,95,5,43,4,0,2,18
YAUTEPEC,831,BASICA,570,99,70,94,4,38,5,0,1,17
YAUTEPEC,831,CONTIGUA 1,570,104,80,82,5,34,1,0,2,15
YAUTEPEC,832,BASICA,472,86,73,53,2,20,1,0,0,8
YAUTEPEC,833,BASICA,431,81,59,68,8,26,3,0,1,16
YAUTEPEC,833,CONTIGUA 1,431,70,54,67,3,18,5,0,0,2
YAUTEPEC,834,BASICA,532,109,97,66,4,43,5,0,0,9
YAUTEPEC,834,CONTIGUA 1,533,88,83,71,3,45,2,0,0,10
YAUTEPEC,834,CONTIGUA 2,533,82,67,58,11,76,3,0,0,8
YAUTEPEC,835,BASICA,597,157,59,70,4,43,8,0,1,3
YAUTEPEC,836,BASICA,520,120,80,90,5,19,4,0,1,7
YAUTEPEC,836,CONTIGUA 1,520,121,90,71,3,10,1,0,1,8
YAUTEPEC,837,BASICA,550,69,92,111,2,8,6,0,0,11
YAUTEPEC,837,CONTIGUA 1,550,103,78,109,5,3,0,0,0,12
YAUTEPEC,838,BASICA,406,60,64,97,4,11,3,0,0,3
YAUTEPEC,838,CONTIGUA 1,406,62,60,81,7,9,4,0,1,9
YAUTEPEC,839,BASICA,533,74,84,107,4,19,3,0,0,14
YAUTEPEC,839,CONTIGUA 1,534,97,71,96,6,21,2,0,1,7
YAUTEPEC,839,CONTIGUA 2,534,88,95,98,4,18,6,0,0,6
YAUTEPEC,840,BASICA,532,98,79,122,10,18,2,0,0,7
YAUTEPEC,840,CONTIGUA 1,533,85,89,121,4,24,0,0,1,10
YAUTEPEC,841,BASICA,367,52,46,77,2,5,4,0,0,7
YAUTEPEC,842,BASICA,523,70,78,129,3,12,1,0,0,8
YAUTEPEC,842,CONTIGUA 1,524,65,56,147,6,14,2,0,0,10
YAUTEPEC,843,BASICA,741,136,144,135,11,30,7,0,2,14
YAUTEPEC,843,CONTIGUA 1,742,106,142,119,12,30,4,0,0,18
YAUTEPEC,844,BASICA,504,92,89,71,4,16,2,0,0,14
YAUTEPEC,844,CONTIGUA 1,504,104,95,74,6,13,0,0,0,14
YAUTEPEC,844,CONTIGUA 2,504,87,102,71,8,4,5,0,0,20
YAUTEPEC,844,GEOGRAFICA 1,557,138,69,75,5,15,9,0,0,2
YAUTEPEC,844,GEOGRAFICA 2,557,131,65,89,9,14,7,0,0,10
YAUTEPEC,845,BASICA,464,45,80,89,10,15,1,0,1,8
YAUTEPEC,845,CONTIGUA 1,465,69,75,68,7,26,6,0,1,9
YAUTEPEC,846,BASICA,692,118,156,109,16,8,2,0,0,21
YAUTEPEC,847,BASICA,489,103,49,76,5,22,5,0,1,15
YAUTEPEC,847,CONTIGUA 1,489,96,70,104,5,24,2,0,1,6
YAUTEPEC,848,BASICA,617,65,158,54,5,7,3,0,7,12
YAUTEPEC,848,CONTIGUA 1,618,74,167,61,7,8,5,0,2,14
YAUTEPEC,849,BASICA,541,37,167,70,6,7,0,0,2,14
YECAPIXTLA,850,BASICA,587,76,139,43,86,11,8,0,0,12
YECAPIXTLA,850,CONTIGUA 1,587,86,143,33,80,7,10,0,0,14
YECAPIXTLA,850,CONTIGUA 2,588,88,146,54,61,9,12,0,0,10
YECAPIXTLA,851,BASICA,545,106,121,47,68,12,11,0,0,8
YECAPIXTLA,851,CONTIGUA 1,546,113,113,61,68,13,9,0,0,7
YECAPIXTLA,851,CONTIGUA 2,546,111,112,58,78,4,16,0,0,5
YECAPIXTLA,852,BASICA,586,103,108,25,93,20,18,0,0,10
YECAPIXTLA,852,CONTIGUA 1,586,92,104,18,102,5,37,0,0,10
YECAPIXTLA,852,CONTIGUA 2,586,88,83,15,126,5,26,0,0,15
YECAPIXTLA,852,CONTIGUA 3,586,116,85,48,112,4,28,0,2,12
YECAPIXTLA,853,BASICA,684,124,82,31,70,2,33,0,1,17
YECAPIXTLA,853,CONTIGUA 1,684,139,44,37,84,5,34,0,0,18
YECAPIXTLA,854,BASICA,541,72,87,25,144,4,10,0,0,5
YECAPIXTLA,854,CONTIGUA 1,542,63,78,37,111,12,8,0,0,7
YECAPIXTLA,855,BASICA,541,95,144,40,62,9,13,0,0,5
YECAPIXTLA,855,CONTIGUA 1,541,91,106,44,78,14,7,0,0,8
YECAPIXTLA,855,CONTIGUA 2,542,78,143,47,76,6,9,0,0,9
YECAPIXTLA,856,BASICA,733,139,114,95,103,10,11,0,0,16
YECAPIXTLA,856,CONTIGUA 1,734,144,98,77,96,13,19,0,2,17
YECAPIXTLA,857,BASICA,594,79,35,68,46,7,13,0,0,10
YECAPIXTLA,857,CONTIGUA 1,595,71,19,80,30,15,7,0,0,19
YECAPIXTLA,858,BASICA,556,,,,,,,,,
YECAPIXTLA,858,CONTIGUA 1,557,58,54,75,59,10,9,0,0,8
YECAPIXTLA,858,CONTIGUA 2,557,88,58,73,48,12,8,0,0,14
YECAPIXTLA,859,BASICA,541,64,36,74,34,8,35,0,0,9
YECAPIXTLA,859,CONTIGUA 1,541,51,28,93,12,16,48,0,2,10
YECAPIXTLA,859,CONTIGUA 2,541,57,27,89,33,17,33,0,3,11
YECAPIXTLA,860,BASICA,638,74,100,119,27,9,3,0,1,9
YECAPIXTLA,860,CONTIGUA 1,639,68,108,113,18,8,5,0,1,11
YECAPIXTLA,861,BASICA,681,65,129,81,11,9,2,0,0,10
YECAPIXTLA,861,CONTIGUA 1,682,55,134,116,14,9,2,0,0,12
YECAPIXTLA,862,BASICA,525,36,71,98,25,12,3,0,1,8
YECAPIXTLA,862,CONTIGUA 1,525,51,87,101,13,8,4,0,1,6
YECAPIXTLA,862,CONTIGUA 2,526,59,92,102,9,9,1,0,0,7
YECAPIXTLA,863,BASICA,621,37,72,158,17,22,13,0,0,14
YECAPIXTLA,863,CONTIGUA 1,621,46,74,164,17,9,7,0,0,18
YECAPIXTLA,863,CONTIGUA 2,621,25,96,135,12,13,8,0,2,10
YECAPIXTLA,864,BASICA,522,42,40,134,8,6,5,0,3,14
YECAPIXTLA,864,CONTIGUA 1,523,34,59,120,18,5,3,0,2,12
YECAPIXTLA,864,CONTIGUA 2,523,47,61,121,6,9,1,0,1,11
YECAPIXTLA,865,BASICA,474,34,48,107,13,16,2,0,2,8
YECAPIXTLA,865,CONTIGUA 1,475,24,66,114,3,9,1,0,1,9
YECAPIXTLA,866,BASICA,606,49,33,169,111,18,1,0,2,5
YECAPIXTLA,867,BASICA,420,72,81,41,39,11,15,0,1,14
YECAPIXTLA,867,CONTIGUA 1,421,67,69,55,21,24,15,0,3,13
YECAPIXTLA,868,BASICA,362,149,21,28,47,3,3,0,0,8
ZACATEPEC,869,BASICA,711,43,123,145,6,6,27,0,0,18
ZACATEPEC,869,CONTIGUA 1,712,42,98,175,10,10,29,0,0,19
ZACATEPEC,870,BASICA,529,45,59,121,6,3,30,0,1,11
ZACATEPEC,870,CONTIGUA 1,529,40,78,110,11,2,32,0,1,5
ZACATEPEC,870,CONTIGUA 2,529,41,88,124,9,7,24,0,1,10
ZACATEPEC,871,BASICA,703,,,,,,,,,
ZACATEPEC,871,CONTIGUA 1,704,60,165,154,10,4,28,0,0,15
ZACATEPEC,872,BASICA,497,43,88,127,6,5,28,0,0,6
ZACATEPEC,873,BASICA,662,22,139,185,10,2,18,0,3,13
ZACATEPEC,873,CONTIGUA 1,663,42,112,143,13,5,31,0,1,18
ZACATEPEC,874,BASICA,556,42,87,115,12,6,24,0,0,10
ZACATEPEC,874,CONTIGUA 1,557,52,86,142,7,4,20,0,3,9
ZACATEPEC,874,CONTIGUA 2,557,52,80,147,16,6,30,0,2,7
ZACATEPEC,875,BASICA,514,50,94,134,20,3,14,0,2,9
ZACATEPEC,875,CONTIGUA 1,514,73,64,131,12,5,13,0,3,9
ZACATEPEC,876,BASICA,483,47,108,85,14,1,13,0,0,10
ZACATEPEC,876,CONTIGUA 1,484,43,91,118,15,3,14,0,5,7
ZACATEPEC,877,BASICA,433,55,59,96,14,0,23,0,0,11
ZACATEPEC,878,BASICA,471,44,60,83,15,3,70,0,2,7
ZACATEPEC,879,BASICA,557,30,99,159,13,2,25,0,1,7
ZACATEPEC,879,CONTIGUA 1,558,27,99,154,17,4,20,0,0,9
ZACATEPEC,880,BASICA,376,32,81,93,11,7,17,0,0,9
ZACATEPEC,880,CONTIGUA 1,376,28,63,90,30,1,15,0,0,9
ZACATEPEC,881,BASICA,660,83,113,142,26,4,21,0,0,9
ZACATEPEC,881,CONTIGUA 1,661,90,116,117,28,8,32,0,5,10
ZACATEPEC,882,BASICA,662,72,80,156,44,10,46,0,8,10
ZACATEPEC,882,CONTIGUA 1,662,73,116,146,53,7,24,0,1,4
ZACATEPEC,883,BASICA,552,48,100,157,21,11,8,0,0,11
ZACATEPEC,883,CONTIGUA 1,552,54,68,157,33,18,11,0,0,11
ZACATEPEC,884,BASICA,441,32,104,69,11,4,36,0,1,12
ZACATEPEC,884,CONTIGUA 1,442,18,98,86,7,5,25,0,0,6
ZACATEPEC,885,BASICA,691,36,145,153,10,5,53,0,2,15
ZACATEPEC,885,CONTIGUA 1,692,28,167,168,12,6,36,0,1,8
ZACATEPEC,886,BASICA,291,8,78,64,2,3,2,0,0,6
ZACATEPEC,887,BASICA,442,31,126,54,15,3,5,0,0,9
ZACATEPEC,887,CONTIGUA 1,443,20,118,40,10,3,6,0,2,8
ZACATEPEC,888,BASICA,678,29,225,112,10,10,7,0,0,14
ZACATEPEC,888,CONTIGUA 1,678,40,214,102,16,5,7,0,0,15
ZACATEPEC,889,BASICA,434,19,199,55,5,6,5,0,0,2
ZACATEPEC,889,CONTIGUA 1,434,21,191,44,2,4,3,0,1,12
ZACATEPEC,890,BASICA,561,41,162,73,20,6,12,0,0,5
ZACATEPEC,890,CONTIGUA 1,562,47,169,88,16,14,13,0,0,7
ZACATEPEC,891,BASICA,459,37,104,88,8,8,2,0,2,9
ZACATEPEC,891,CONTIGUA 1,459,55,84,66,11,2,9,0,2,12
ZACATEPEC,892,BASICA,453,89,105,47,2,4,8,0,1,8
ZACATEPEC,892,CONTIGUA 1,454,88,98,40,9,6,5,0,0,14
ZACATEPEC,893,BASICA,614,54,166,88,12,11,7,0,0,14
ZACATEPEC,893,CONTIGUA 1,614,50,147,119,13,9,7,0,0,9
ZACATEPEC,894,BASICA,601,57,116,93,26,4,9,0,4,12
ZACATEPEC,894,CONTIGUA 1,602,53,91,86,53,2,16,0,0,29
ZACUALPAN,895,BASICA,429,40,134,72,6,36,1,2,2,12
ZACUALPAN,895,CONTIGUA 1,430,27,123,73,0,51,2,0,0,12
ZACUALPAN,896,BASICA,490,60,102,124,3,45,0,3,1,15
ZACUALPAN,896,CONTIGUA 1,491,61,90,102,2,55,0,2,0,23
ZACUALPAN,897,BASICA,387,51,86,61,2,42,2,2,0,7
ZACUALPAN,897,CONTIGUA 1,388,32,80,81,2,31,2,4,1,14
ZACUALPAN,898,BASICA,477,135,61,67,4,40,2,0,2,8
ZACUALPAN,898,CONTIGUA 1,477,157,50,64,3,43,1,0,0,13
ZACUALPAN,899,BASICA,545,119,106,86,0,51,1,0,0,6
ZACUALPAN,899,CONTIGUA 1,545,152,72,72,0,54,1,0,0,11
ZACUALPAN,900,BASICA,620,85,140,135,2,50,0,1,0,11
ZACUALPAN,900,CONTIGUA 1,620,95,118,134,0,72,0,1,0,12
TEMOAC,901,BASICA,712,137,110,85,94,76,6,0,1,21
TEMOAC,901,CONTIGUA 1,713,132,87,56,93,93,8,0,0,22
TEMOAC,902,BASICA,700,144,51,106,56,87,7,0,0,23
TEMOAC,902,CONTIGUA 1,700,123,60,118,70,81,6,0,0,12
TEMOAC,902,CONTIGUA 2,700,112,54,115,59,111,5,0,3,22
TEMOAC,903,BASICA,568,45,107,135,21,53,2,0,1,7
TEMOAC,904,BASICA,472,74,91,101,6,42,3,0,0,5
TEMOAC,904,CONTIGUA 1,472,58,70,154,10,49,2,0,1,7
TEMOAC,905,BASICA,626,37,139,129,14,106,12,0,0,13
TEMOAC,905,CONTIGUA 1,627,35,115,109,22,157,4,0,0,18
TEMOAC,906,BASICA,664,45,99,80,22,154,8,0,0,22
TEMOAC,906,CONTIGUA 1,665,69,148,52,25,116,4,0,0,16
TEMOAC,906,CONTIGUA 2,665,91,140,55,46,89,4,0,0,23
